ciclo,C,NC
1,100,100
2,100,100
3,100,100
4,100,100
5,100,100
6,100,100
7,100,100
8,100,100
9,100,100
10,100,100
11,100,100
12,100,100
13,100,100
14,100,100
15,100,100
16,100,100
17,100,100
18,100,100
19,100,100
20,100,100
21,100,100
22,100,100
23,100,100
24,100,100
25,100,100
26,100,100
27,100,100
28,100,100
29,100,100
30,100,100
31,100,100
32,100,100
33,100,100
34,100,100
35,100,100
36,100,100
37,100,100
38,100,100
39,100,100
40,100,100
41,100,100
42,100,100
43,100,100
44,100,100
45,100,100
46,100,100
47,100,100
48,100,100
49,100,100
50,100,100
51,100,100
52,100,100
53,100,100
54,100,100
55,100,100
56,100,100
57,100,100
58,100,100
59,100,100
60,100,100
61,100,100
62,100,100
63,100,100
64,100,100
65,100,100
66,100,100
67,100,100
68,100,100
69,100,100
70,100,100
71,100,100
72,100,100
73,100,100
74,100,100
75,100,100
76,100,100
77,100,100
78,100,100
79,100,100
80,100,100
81,100,100
82,100,100
83,100,100
84,100,100
85,100,100
86,100,100
87,100,100
88,100,100
89,100,100
90,100,100
91,100,100
92,100,100
93,100,100
94,100,100
95,100,100
96,100,100
97,100,100
98,100,100
99,100,100
100,100,100
101,100,100
102,100,100
103,100,100
104,100,100
105,100,100
106,100,100
107,100,100
108,100,100
109,100,100
110,100,100
111,100,100
112,100,100
113,100,100
114,100,100
115,100,100
116,100,100
117,100,100
118,100,100
119,100,100
120,100,100
121,100,100
122,100,100
123,100,100
124,100,100
125,100,100
126,100,100
127,100,100
128,100,100
129,100,100
130,100,100
131,100,100
132,100,100
133,100,100
134,100,100
135,100,100
136,100,100
137,100,100
138,100,100
139,100,100
140,100,100
141,100,100
142,100,100
143,100,100
144,100,100
145,100,100
146,100,100
147,100,100
148,100,100
149,100,100
150,100,100
151,100,100
152,100,100
153,100,100
154,100,100
155,100,100
156,100,100
157,100,100
158,100,100
159,100,100
160,100,100
161,100,100
162,100,100
163,100,100
164,100,100
165,100,100
166,100,100
167,100,100
168,100,100
169,100,100
170,100,100
171,100,100
172,100,100
173,100,100
174,100,100
175,100,100
176,100,100
177,100,100
178,100,100
179,100,100
180,100,100
181,100,100
182,100,100
183,100,100
184,100,100
185,100,100
186,100,100
187,100,100
188,100,100
189,100,100
190,100,100
191,100,100
192,100,100
193,100,100
194,100,100
195,100,100
196,100,100
197,100,100
198,100,100
199,100,100
200,100,100
201,100,100
202,100,100
203,100,100
204,100,100
205,100,100
206,100,100
207,100,100
208,100,100
209,100,100
210,100,100
211,100,100
212,100,100
213,100,100
214,100,100
215,100,100
216,100,100
217,100,100
218,100,100
219,100,100
220,100,100
221,100,100
222,100,100
223,100,100
224,100,100
225,100,100
226,100,100
227,100,100
228,100,100
229,100,100
230,100,100
231,100,100
232,100,100
233,100,100
234,100,100
235,100,100
236,100,100
237,100,100
238,100,100
239,100,100
240,100,100
241,100,100
242,100,100
243,100,100
244,100,100
245,100,100
246,100,100
247,100,100
248,100,100
249,100,100
250,100,100
251,100,100
252,100,100
253,100,100
254,100,100
255,100,100
256,100,100
257,100,100
258,100,100
259,100,100
260,100,100
261,100,100
262,100,100
263,100,100
264,100,100
265,100,100
266,100,100
267,100,100
268,100,100
269,100,100
270,100,100
271,100,100
272,100,100
273,100,100
274,100,100
275,100,100
276,100,100
277,100,100
278,100,100
279,100,100
280,100,100
281,100,100
282,100,100
283,100,100
284,100,100
285,100,100
286,100,100
287,100,100
288,100,100
289,100,100
290,100,100
291,100,100
292,100,100
293,100,100
294,100,100
295,100,100
296,100,100
297,100,100
298,100,100
299,100,100
300,100,100
301,100,100
302,100,100
303,100,100
304,100,100
305,100,100
306,100,100
307,100,100
308,100,100
309,100,100
310,100,100
311,100,100
312,100,100
313,100,100
314,100,100
315,100,100
316,100,100
317,100,100
318,100,100
319,100,100
320,100,100
321,100,100
322,100,100
323,100,100
324,100,100
325,100,100
326,100,100
327,100,100
328,100,100
329,100,100
330,100,100
331,100,100
332,100,100
333,100,100
334,100,100
335,100,100
336,100,100
337,100,100
338,100,100
339,100,100
340,100,100
341,100,100
342,100,100
343,100,100
344,100,100
345,100,100
346,100,100
347,100,100
348,100,100
349,100,100
350,100,100
351,100,100
352,100,100
353,100,100
354,100,100
355,100,100
356,100,100
357,100,100
358,100,100
359,100,100
360,100,100
361,100,100
362,100,100
363,100,100
364,100,100
365,100,100
366,100,100
367,100,100
368,100,100
369,100,100
370,100,100
371,100,100
372,100,100
373,100,100
374,100,100
375,100,100
376,100,100
377,100,100
378,100,100
379,100,100
380,100,100
381,100,100
382,100,100
383,100,100
384,100,100
385,100,100
386,100,100
387,100,100
388,100,100
389,100,100
390,100,100
391,100,100
392,100,100
393,100,100
394,100,100
395,100,100
396,100,100
397,100,100
398,100,100
399,100,100
400,100,100
401,100,100
402,100,100
403,100,100
404,100,100
405,100,100
406,100,100
407,100,100
408,100,100
409,100,100
410,100,100
411,100,100
412,100,100
413,100,100
414,100,100
415,100,100
416,100,100
417,100,100
418,100,100
419,100,100
420,100,100
421,100,100
422,100,100
423,100,100
424,100,100
425,100,100
426,100,100
427,100,100
428,100,100
429,100,100
430,100,100
431,100,100
432,100,100
433,100,100
434,100,100
435,100,100
436,100,100
437,100,100
438,100,100
439,100,100
440,100,100
441,100,100
442,100,100
443,100,100
444,100,100
445,100,100
446,100,100
447,100,100
448,100,100
449,100,100
450,100,100
451,100,100
452,100,100
453,100,100
454,100,100
455,100,100
456,100,100
457,100,100
458,100,100
459,100,100
460,100,100
461,100,100
462,100,100
463,100,100
464,100,100
465,100,100
466,100,100
467,100,100
468,100,100
469,100,100
470,100,100
471,100,100
472,100,100
473,100,100
474,100,100
475,100,100
476,100,100
477,100,100
478,100,100
479,100,100
480,100,100
481,100,100
482,100,100
483,100,100
484,100,100
485,100,100
486,100,100
487,100,100
488,100,100
489,100,100
490,100,100
491,100,100
492,100,100
493,100,100
494,100,100
495,100,100
496,100,100
497,100,100
498,100,100
499,100,100
500,100,100
501,100,100
502,100,100
503,100,100
504,100,100
505,100,100
506,100,100
507,100,100
508,100,100
509,100,100
510,100,100
511,100,100
512,100,100
513,100,100
514,100,100
515,100,100
516,100,100
517,100,100
518,100,100
519,100,100
520,100,100
521,100,100
522,100,100
523,100,100
524,100,100
525,100,100
526,100,100
527,100,100
528,100,100
529,100,100
530,100,100
531,100,100
532,100,100
533,100,100
534,100,100
535,100,100
536,100,100
537,100,100
538,100,100
539,100,100
540,100,100
541,100,100
542,100,100
543,100,100
544,100,100
545,100,100
546,100,100
547,100,100
548,100,100
549,100,100
550,100,100
551,100,100
552,100,100
553,100,100
554,100,100
555,100,100
556,100,100
557,100,100
558,100,100
559,100,100
560,100,100
561,100,100
562,100,100
563,100,100
564,100,100
565,100,100
566,100,100
567,100,100
568,100,100
569,100,100
570,100,100
571,100,100
572,100,100
573,100,100
574,100,100
575,100,100
576,100,100
577,100,100
578,100,100
579,100,100
580,100,100
581,100,100
582,100,100
583,100,100
584,100,100
585,100,100
586,100,100
587,100,100
588,100,100
589,100,100
590,100,100
591,100,100
592,100,100
593,100,100
594,100,100
595,100,100
596,100,100
597,100,100
598,100,100
599,100,100
600,101,99
601,101,99
602,101,99
603,101,99
604,101,99
605,101,99
606,101,99
607,101,99
608,101,99
609,101,99
610,101,99
611,101,99
612,101,99
613,101,99
614,101,99
615,101,99
616,101,99
617,101,99
618,101,99
619,101,99
620,101,99
621,101,99
622,101,99
623,101,99
624,101,99
625,101,99
626,101,99
627,101,99
628,101,99
629,101,99
630,101,99
631,101,99
632,101,99
633,101,99
634,101,99
635,101,99
636,101,99
637,101,99
638,101,99
639,101,99
640,101,99
641,101,99
642,101,99
643,101,99
644,101,99
645,101,99
646,101,99
647,101,99
648,101,99
649,101,99
650,101,99
651,101,99
652,101,99
653,101,99
654,101,99
655,101,99
656,101,99
657,101,99
658,101,99
659,101,99
660,101,99
661,101,99
662,101,99
663,101,99
664,101,99
665,101,99
666,101,99
667,101,99
668,101,99
669,101,99
670,101,99
671,101,99
672,101,99
673,101,99
674,101,99
675,101,99
676,101,99
677,101,99
678,101,99
679,101,99
680,101,99
681,101,99
682,101,99
683,101,99
684,101,99
685,101,99
686,101,99
687,101,99
688,101,99
689,101,99
690,101,99
691,101,99
692,101,99
693,101,99
694,101,99
695,101,99
696,101,99
697,101,99
698,101,99
699,101,99
700,101,99
701,101,99
702,101,99
703,101,99
704,101,99
705,101,99
706,101,99
707,101,99
708,101,99
709,101,99
710,101,99
711,101,99
712,101,99
713,101,99
714,101,99
715,101,99
716,101,99
717,101,99
718,101,99
719,101,99
720,101,99
721,101,99
722,101,99
723,101,99
724,101,99
725,101,99
726,101,99
727,101,99
728,101,99
729,101,99
730,101,99
731,101,99
732,101,99
733,101,99
734,101,99
735,101,99
736,101,99
737,101,99
738,101,99
739,101,99
740,101,99
741,101,99
742,101,99
743,101,99
744,101,99
745,101,99
746,101,99
747,101,99
748,101,99
749,101,99
750,101,99
751,101,99
752,101,99
753,101,99
754,101,99
755,101,99
756,101,99
757,101,99
758,101,99
759,101,99
760,101,99
761,101,99
762,101,99
763,101,99
764,101,99
765,101,99
766,101,99
767,101,99
768,101,99
769,101,99
770,101,99
771,101,99
772,101,99
773,101,99
774,101,99
775,101,99
776,101,99
777,101,99
778,101,99
779,101,99
780,101,99
781,101,99
782,101,99
783,101,99
784,101,99
785,101,99
786,101,99
787,101,99
788,101,99
789,101,99
790,101,99
791,101,99
792,101,99
793,101,99
794,101,99
795,101,99
796,101,99
797,101,99
798,101,99
799,101,99
800,101,99
801,101,99
802,101,99
803,101,99
804,101,99
805,101,99
806,101,99
807,101,99
808,101,99
809,101,99
810,101,99
811,101,99
812,101,99
813,101,99
814,101,99
815,101,99
816,101,99
817,101,99
818,101,99
819,101,99
820,101,99
821,101,99
822,101,99
823,101,99
824,101,99
825,101,99
826,101,99
827,101,99
828,101,99
829,101,99
830,101,99
831,101,99
832,101,99
833,101,99
834,101,99
835,101,99
836,101,99
837,101,99
838,101,99
839,101,99
840,101,99
841,101,99
842,101,99
843,101,99
844,101,99
845,101,99
846,101,99
847,101,99
848,101,99
849,101,99
850,101,99
851,101,99
852,101,99
853,101,99
854,101,99
855,101,99
856,101,99
857,101,99
858,101,99
859,101,99
860,101,99
861,101,99
862,101,99
863,101,99
864,101,99
865,101,99
866,101,99
867,101,99
868,101,99
869,101,99
870,101,99
871,101,99
872,101,99
873,101,99
874,101,99
875,101,99
876,101,99
877,101,99
878,101,99
879,101,99
880,101,99
881,101,99
882,101,99
883,101,99
884,101,99
885,101,99
886,101,99
887,101,99
888,101,99
889,101,99
890,101,99
891,101,99
892,101,99
893,101,99
894,101,99
895,101,99
896,101,99
897,101,99
898,101,99
899,101,99
900,101,99
901,101,99
902,101,99
903,101,99
904,101,99
905,101,99
906,101,99
907,101,99
908,101,99
909,101,99
910,101,99
911,101,99
912,101,99
913,101,99
914,101,99
915,101,99
916,101,99
917,101,99
918,101,99
919,101,99
920,101,99
921,101,99
922,101,99
923,101,99
924,101,99
925,101,99
926,101,99
927,101,99
928,101,99
929,101,99
930,101,99
931,101,99
932,101,99
933,101,99
934,101,99
935,101,99
936,101,99
937,101,99
938,101,99
939,101,99
940,101,99
941,101,99
942,101,99
943,101,99
944,101,99
945,101,99
946,101,99
947,101,99
948,101,99
949,101,99
950,101,99
951,101,99
952,101,99
953,101,99
954,101,99
955,101,99
956,101,99
957,101,99
958,101,99
959,101,99
960,101,99
961,101,99
962,101,99
963,101,99
964,101,99
965,101,99
966,101,99
967,101,99
968,101,99
969,101,99
970,101,99
971,101,99
972,101,99
973,101,99
974,101,99
975,101,99
976,101,99
977,101,99
978,101,99
979,101,99
980,101,99
981,101,99
982,101,99
983,101,99
984,101,99
985,101,99
986,101,99
987,101,99
988,101,99
989,101,99
990,101,99
991,101,99
992,101,99
993,101,99
994,101,99
995,101,99
996,101,99
997,101,99
998,101,99
999,101,99
1000,101,99
1001,101,99
1002,101,99
1003,101,99
1004,101,99
1005,101,99
1006,101,99
1007,101,99
1008,101,99
1009,101,99
1010,101,99
1011,101,99
1012,101,99
1013,101,99
1014,101,99
1015,101,99
1016,101,99
1017,101,99
1018,101,99
1019,101,99
1020,101,99
1021,101,99
1022,101,99
1023,101,99
1024,101,99
1025,101,99
1026,101,99
1027,101,99
1028,101,99
1029,101,99
1030,101,99
1031,101,99
1032,101,99
1033,101,99
1034,101,99
1035,101,99
1036,101,99
1037,101,99
1038,101,99
1039,101,99
1040,101,99
1041,101,99
1042,101,99
1043,101,99
1044,101,99
1045,101,99
1046,101,99
1047,101,99
1048,101,99
1049,101,99
1050,101,99
1051,101,99
1052,101,99
1053,101,99
1054,101,99
1055,101,99
1056,101,99
1057,101,99
1058,101,99
1059,101,99
1060,101,99
1061,101,99
1062,101,99
1063,101,99
1064,101,99
1065,101,99
1066,101,99
1067,101,99
1068,101,99
1069,101,99
1070,101,99
1071,101,99
1072,101,99
1073,101,99
1074,101,99
1075,101,99
1076,101,99
1077,101,99
1078,101,99
1079,101,99
1080,101,99
1081,101,99
1082,101,99
1083,101,99
1084,101,99
1085,101,99
1086,101,99
1087,101,99
1088,101,99
1089,101,99
1090,101,99
1091,101,99
1092,101,99
1093,101,99
1094,101,99
1095,101,99
1096,101,99
1097,101,99
1098,101,99
1099,101,99
1100,101,99
1101,101,99
1102,101,99
1103,101,99
1104,101,99
1105,101,99
1106,101,99
1107,101,99
1108,101,99
1109,101,99
1110,101,99
1111,101,99
1112,101,99
1113,101,99
1114,101,99
1115,101,99
1116,101,99
1117,101,99
1118,101,99
1119,101,99
1120,101,99
1121,101,99
1122,101,99
1123,101,99
1124,101,99
1125,101,99
1126,101,99
1127,101,99
1128,101,99
1129,101,99
1130,101,99
1131,101,99
1132,101,99
1133,101,99
1134,101,99
1135,101,99
1136,101,99
1137,101,99
1138,101,99
1139,101,99
1140,101,99
1141,101,99
1142,101,99
1143,101,99
1144,101,99
1145,101,99
1146,101,99
1147,101,99
1148,101,99
1149,101,99
1150,101,99
1151,101,99
1152,101,99
1153,101,99
1154,101,99
1155,101,99
1156,101,99
1157,101,99
1158,101,99
1159,101,99
1160,101,99
1161,101,99
1162,101,99
1163,101,99
1164,101,99
1165,101,99
1166,101,99
1167,101,99
1168,101,99
1169,101,99
1170,101,99
1171,101,99
1172,101,99
1173,101,99
1174,101,99
1175,101,99
1176,101,99
1177,101,99
1178,101,99
1179,101,99
1180,101,99
1181,101,99
1182,101,99
1183,101,99
1184,101,99
1185,101,99
1186,101,99
1187,101,99
1188,101,99
1189,101,99
1190,101,99
1191,101,99
1192,101,99
1193,101,99
1194,101,99
1195,101,99
1196,101,99
1197,101,99
1198,101,99
1199,101,99
1200,101,99
1201,101,99
1202,101,99
1203,101,99
1204,101,99
1205,101,99
1206,101,99
1207,101,99
1208,101,99
1209,101,99
1210,101,99
1211,101,99
1212,101,99
1213,101,99
1214,101,99
1215,101,99
1216,101,99
1217,101,99
1218,101,99
1219,101,99
1220,101,99
1221,101,99
1222,101,99
1223,101,99
1224,101,99
1225,101,99
1226,101,99
1227,101,99
1228,101,99
1229,101,99
1230,101,99
1231,101,99
1232,101,99
1233,101,99
1234,101,99
1235,101,99
1236,101,99
1237,101,99
1238,101,99
1239,101,99
1240,101,99
1241,101,99
1242,101,99
1243,101,99
1244,101,99
1245,101,99
1246,101,99
1247,101,99
1248,101,99
1249,101,99
1250,101,99
1251,101,99
1252,101,99
1253,101,99
1254,101,99
1255,101,99
1256,101,99
1257,101,99
1258,101,99
1259,101,99
1260,101,99
1261,101,99
1262,101,99
1263,101,99
1264,101,99
1265,101,99
1266,101,99
1267,101,99
1268,101,99
1269,101,99
1270,101,99
1271,101,99
1272,101,99
1273,101,99
1274,101,99
1275,101,99
1276,101,99
1277,101,99
1278,101,99
1279,101,99
1280,101,99
1281,101,99
1282,101,99
1283,101,99
1284,101,99
1285,101,99
1286,101,99
1287,101,99
1288,101,99
1289,101,99
1290,101,99
1291,101,99
1292,101,99
1293,101,99
1294,101,99
1295,101,99
1296,101,99
1297,101,99
1298,101,99
1299,101,99
1300,101,99
1301,101,99
1302,101,99
1303,101,99
1304,101,99
1305,101,99
1306,101,99
1307,101,99
1308,101,99
1309,101,99
1310,101,99
1311,101,99
1312,101,99
1313,101,99
1314,101,99
1315,101,99
1316,101,99
1317,101,99
1318,101,99
1319,101,99
1320,101,99
1321,101,99
1322,101,99
1323,101,99
1324,101,99
1325,101,99
1326,101,99
1327,101,99
1328,101,99
1329,101,99
1330,101,99
1331,101,99
1332,101,99
1333,101,99
1334,101,99
1335,101,99
1336,101,99
1337,101,99
1338,101,99
1339,101,99
1340,101,99
1341,101,99
1342,101,99
1343,101,99
1344,101,99
1345,101,99
1346,101,99
1347,101,99
1348,101,99
1349,101,99
1350,101,99
1351,101,99
1352,101,99
1353,101,99
1354,101,99
1355,101,99
1356,101,99
1357,101,99
1358,101,99
1359,101,99
1360,101,99
1361,101,99
1362,101,99
1363,101,99
1364,101,99
1365,101,99
1366,101,99
1367,101,99
1368,101,99
1369,101,99
1370,101,99
1371,101,99
1372,101,99
1373,101,99
1374,101,99
1375,101,99
1376,101,99
1377,101,99
1378,101,99
1379,101,99
1380,101,99
1381,101,99
1382,101,99
1383,101,99
1384,101,99
1385,101,99
1386,101,99
1387,101,99
1388,101,99
1389,101,99
1390,101,99
1391,101,99
1392,101,99
1393,101,99
1394,101,99
1395,101,99
1396,101,99
1397,101,99
1398,101,99
1399,101,99
1400,100,100
1401,100,100
1402,100,100
1403,100,100
1404,100,100
1405,100,100
1406,100,100
1407,100,100
1408,100,100
1409,100,100
1410,100,100
1411,100,100
1412,100,100
1413,100,100
1414,100,100
1415,100,100
1416,100,100
1417,100,100
1418,100,100
1419,100,100
1420,100,100
1421,100,100
1422,100,100
1423,100,100
1424,100,100
1425,100,100
1426,100,100
1427,100,100
1428,100,100
1429,100,100
1430,100,100
1431,100,100
1432,100,100
1433,100,100
1434,100,100
1435,100,100
1436,100,100
1437,100,100
1438,100,100
1439,100,100
1440,100,100
1441,100,100
1442,100,100
1443,100,100
1444,100,100
1445,100,100
1446,100,100
1447,100,100
1448,100,100
1449,100,100
1450,100,100
1451,100,100
1452,100,100
1453,100,100
1454,100,100
1455,100,100
1456,100,100
1457,100,100
1458,100,100
1459,100,100
1460,100,100
1461,100,100
1462,100,100
1463,100,100
1464,100,100
1465,100,100
1466,100,100
1467,100,100
1468,100,100
1469,100,100
1470,100,100
1471,100,100
1472,100,100
1473,100,100
1474,100,100
1475,100,100
1476,100,100
1477,100,100
1478,100,100
1479,100,100
1480,100,100
1481,100,100
1482,100,100
1483,100,100
1484,100,100
1485,100,100
1486,100,100
1487,100,100
1488,100,100
1489,100,100
1490,100,100
1491,100,100
1492,100,100
1493,100,100
1494,100,100
1495,100,100
1496,100,100
1497,100,100
1498,100,100
1499,100,100
1500,100,100
1501,100,100
1502,100,100
1503,100,100
1504,100,100
1505,100,100
1506,100,100
1507,100,100
1508,100,100
1509,100,100
1510,100,100
1511,100,100
1512,100,100
1513,100,100
1514,100,100
1515,100,100
1516,100,100
1517,100,100
1518,100,100
1519,100,100
1520,100,100
1521,100,100
1522,100,100
1523,100,100
1524,100,100
1525,100,100
1526,100,100
1527,100,100
1528,100,100
1529,100,100
1530,100,100
1531,100,100
1532,100,100
1533,100,100
1534,100,100
1535,100,100
1536,100,100
1537,100,100
1538,100,100
1539,100,100
1540,100,100
1541,100,100
1542,100,100
1543,100,100
1544,100,100
1545,100,100
1546,100,100
1547,100,100
1548,100,100
1549,100,100
1550,100,100
1551,100,100
1552,100,100
1553,100,100
1554,100,100
1555,100,100
1556,100,100
1557,100,100
1558,100,100
1559,100,100
1560,100,100
1561,100,100
1562,100,100
1563,100,100
1564,100,100
1565,100,100
1566,100,100
1567,100,100
1568,100,100
1569,100,100
1570,100,100
1571,100,100
1572,100,100
1573,100,100
1574,100,100
1575,100,100
1576,100,100
1577,100,100
1578,100,100
1579,100,100
1580,100,100
1581,100,100
1582,100,100
1583,100,100
1584,100,100
1585,100,100
1586,100,100
1587,100,100
1588,100,100
1589,100,100
1590,100,100
1591,100,100
1592,100,100
1593,100,100
1594,100,100
1595,100,100
1596,100,100
1597,100,100
1598,100,100
1599,100,100
1600,101,99
1601,101,99
1602,101,99
1603,101,99
1604,101,99
1605,101,99
1606,101,99
1607,101,99
1608,101,99
1609,101,99
1610,101,99
1611,101,99
1612,101,99
1613,101,99
1614,101,99
1615,101,99
1616,101,99
1617,101,99
1618,101,99
1619,101,99
1620,101,99
1621,101,99
1622,101,99
1623,101,99
1624,101,99
1625,101,99
1626,101,99
1627,101,99
1628,101,99
1629,101,99
1630,101,99
1631,101,99
1632,101,99
1633,101,99
1634,101,99
1635,101,99
1636,101,99
1637,101,99
1638,101,99
1639,101,99
1640,101,99
1641,101,99
1642,101,99
1643,101,99
1644,101,99
1645,101,99
1646,101,99
1647,101,99
1648,101,99
1649,101,99
1650,101,99
1651,101,99
1652,101,99
1653,101,99
1654,101,99
1655,101,99
1656,101,99
1657,101,99
1658,101,99
1659,101,99
1660,101,99
1661,101,99
1662,101,99
1663,101,99
1664,101,99
1665,101,99
1666,101,99
1667,101,99
1668,101,99
1669,101,99
1670,101,99
1671,101,99
1672,101,99
1673,101,99
1674,101,99
1675,101,99
1676,101,99
1677,101,99
1678,101,99
1679,101,99
1680,101,99
1681,101,99
1682,101,99
1683,101,99
1684,101,99
1685,101,99
1686,101,99
1687,101,99
1688,101,99
1689,101,99
1690,101,99
1691,101,99
1692,101,99
1693,101,99
1694,101,99
1695,101,99
1696,101,99
1697,101,99
1698,101,99
1699,101,99
1700,100,100
1701,100,100
1702,100,100
1703,100,100
1704,100,100
1705,100,100
1706,100,100
1707,100,100
1708,100,100
1709,100,100
1710,100,100
1711,100,100
1712,100,100
1713,100,100
1714,100,100
1715,100,100
1716,100,100
1717,100,100
1718,100,100
1719,100,100
1720,100,100
1721,100,100
1722,100,100
1723,100,100
1724,100,100
1725,100,100
1726,100,100
1727,100,100
1728,100,100
1729,100,100
1730,100,100
1731,100,100
1732,100,100
1733,100,100
1734,100,100
1735,100,100
1736,100,100
1737,100,100
1738,100,100
1739,100,100
1740,100,100
1741,100,100
1742,100,100
1743,100,100
1744,100,100
1745,100,100
1746,100,100
1747,100,100
1748,100,100
1749,100,100
1750,100,100
1751,100,100
1752,100,100
1753,100,100
1754,100,100
1755,100,100
1756,100,100
1757,100,100
1758,100,100
1759,100,100
1760,100,100
1761,100,100
1762,100,100
1763,100,100
1764,100,100
1765,100,100
1766,100,100
1767,100,100
1768,100,100
1769,100,100
1770,100,100
1771,100,100
1772,100,100
1773,100,100
1774,100,100
1775,100,100
1776,100,100
1777,100,100
1778,100,100
1779,100,100
1780,100,100
1781,100,100
1782,100,100
1783,100,100
1784,100,100
1785,100,100
1786,100,100
1787,100,100
1788,100,100
1789,100,100
1790,100,100
1791,100,100
1792,100,100
1793,100,100
1794,100,100
1795,100,100
1796,100,100
1797,100,100
1798,100,100
1799,100,100
1800,99,101
1801,99,101
1802,99,101
1803,99,101
1804,99,101
1805,99,101
1806,99,101
1807,99,101
1808,99,101
1809,99,101
1810,99,101
1811,99,101
1812,99,101
1813,99,101
1814,99,101
1815,99,101
1816,99,101
1817,99,101
1818,99,101
1819,99,101
1820,99,101
1821,99,101
1822,99,101
1823,99,101
1824,99,101
1825,99,101
1826,99,101
1827,99,101
1828,99,101
1829,99,101
1830,99,101
1831,99,101
1832,99,101
1833,99,101
1834,99,101
1835,99,101
1836,99,101
1837,99,101
1838,99,101
1839,99,101
1840,99,101
1841,99,101
1842,99,101
1843,99,101
1844,99,101
1845,99,101
1846,99,101
1847,99,101
1848,99,101
1849,99,101
1850,99,101
1851,99,101
1852,99,101
1853,99,101
1854,99,101
1855,99,101
1856,99,101
1857,99,101
1858,99,101
1859,99,101
1860,99,101
1861,99,101
1862,99,101
1863,99,101
1864,99,101
1865,99,101
1866,99,101
1867,99,101
1868,99,101
1869,99,101
1870,99,101
1871,99,101
1872,99,101
1873,99,101
1874,99,101
1875,99,101
1876,99,101
1877,99,101
1878,99,101
1879,99,101
1880,99,101
1881,99,101
1882,99,101
1883,99,101
1884,99,101
1885,99,101
1886,99,101
1887,99,101
1888,99,101
1889,99,101
1890,99,101
1891,99,101
1892,99,101
1893,99,101
1894,99,101
1895,99,101
1896,99,101
1897,99,101
1898,99,101
1899,99,101
1900,99,101
1901,99,101
1902,99,101
1903,99,101
1904,99,101
1905,99,101
1906,99,101
1907,99,101
1908,99,101
1909,99,101
1910,99,101
1911,99,101
1912,99,101
1913,99,101
1914,99,101
1915,99,101
1916,99,101
1917,99,101
1918,99,101
1919,99,101
1920,99,101
1921,99,101
1922,99,101
1923,99,101
1924,99,101
1925,99,101
1926,99,101
1927,99,101
1928,99,101
1929,99,101
1930,99,101
1931,99,101
1932,99,101
1933,99,101
1934,99,101
1935,99,101
1936,99,101
1937,99,101
1938,99,101
1939,99,101
1940,99,101
1941,99,101
1942,99,101
1943,99,101
1944,99,101
1945,99,101
1946,99,101
1947,99,101
1948,99,101
1949,99,101
1950,99,101
1951,99,101
1952,99,101
1953,99,101
1954,99,101
1955,99,101
1956,99,101
1957,99,101
1958,99,101
1959,99,101
1960,99,101
1961,99,101
1962,99,101
1963,99,101
1964,99,101
1965,99,101
1966,99,101
1967,99,101
1968,99,101
1969,99,101
1970,99,101
1971,99,101
1972,99,101
1973,99,101
1974,99,101
1975,99,101
1976,99,101
1977,99,101
1978,99,101
1979,99,101
1980,99,101
1981,99,101
1982,99,101
1983,99,101
1984,99,101
1985,99,101
1986,99,101
1987,99,101
1988,99,101
1989,99,101
1990,99,101
1991,99,101
1992,99,101
1993,99,101
1994,99,101
1995,99,101
1996,99,101
1997,99,101
1998,99,101
1999,99,101
2000,99,101
2001,99,101
2002,99,101
2003,99,101
2004,99,101
2005,99,101
2006,99,101
2007,99,101
2008,99,101
2009,99,101
2010,99,101
2011,99,101
2012,99,101
2013,99,101
2014,99,101
2015,99,101
2016,99,101
2017,99,101
2018,99,101
2019,99,101
2020,99,101
2021,99,101
2022,99,101
2023,99,101
2024,99,101
2025,99,101
2026,99,101
2027,99,101
2028,99,101
2029,99,101
2030,99,101
2031,99,101
2032,99,101
2033,99,101
2034,99,101
2035,99,101
2036,99,101
2037,99,101
2038,99,101
2039,99,101
2040,99,101
2041,99,101
2042,99,101
2043,99,101
2044,99,101
2045,99,101
2046,99,101
2047,99,101
2048,99,101
2049,99,101
2050,99,101
2051,99,101
2052,99,101
2053,99,101
2054,99,101
2055,99,101
2056,99,101
2057,99,101
2058,99,101
2059,99,101
2060,99,101
2061,99,101
2062,99,101
2063,99,101
2064,99,101
2065,99,101
2066,99,101
2067,99,101
2068,99,101
2069,99,101
2070,99,101
2071,99,101
2072,99,101
2073,99,101
2074,99,101
2075,99,101
2076,99,101
2077,99,101
2078,99,101
2079,99,101
2080,99,101
2081,99,101
2082,99,101
2083,99,101
2084,99,101
2085,99,101
2086,99,101
2087,99,101
2088,99,101
2089,99,101
2090,99,101
2091,99,101
2092,99,101
2093,99,101
2094,99,101
2095,99,101
2096,99,101
2097,99,101
2098,99,101
2099,99,101
2100,99,101
2101,99,101
2102,99,101
2103,99,101
2104,99,101
2105,99,101
2106,99,101
2107,99,101
2108,99,101
2109,99,101
2110,99,101
2111,99,101
2112,99,101
2113,99,101
2114,99,101
2115,99,101
2116,99,101
2117,99,101
2118,99,101
2119,99,101
2120,99,101
2121,99,101
2122,99,101
2123,99,101
2124,99,101
2125,99,101
2126,99,101
2127,99,101
2128,99,101
2129,99,101
2130,99,101
2131,99,101
2132,99,101
2133,99,101
2134,99,101
2135,99,101
2136,99,101
2137,99,101
2138,99,101
2139,99,101
2140,99,101
2141,99,101
2142,99,101
2143,99,101
2144,99,101
2145,99,101
2146,99,101
2147,99,101
2148,99,101
2149,99,101
2150,99,101
2151,99,101
2152,99,101
2153,99,101
2154,99,101
2155,99,101
2156,99,101
2157,99,101
2158,99,101
2159,99,101
2160,99,101
2161,99,101
2162,99,101
2163,99,101
2164,99,101
2165,99,101
2166,99,101
2167,99,101
2168,99,101
2169,99,101
2170,99,101
2171,99,101
2172,99,101
2173,99,101
2174,99,101
2175,99,101
2176,99,101
2177,99,101
2178,99,101
2179,99,101
2180,99,101
2181,99,101
2182,99,101
2183,99,101
2184,99,101
2185,99,101
2186,99,101
2187,99,101
2188,99,101
2189,99,101
2190,99,101
2191,99,101
2192,99,101
2193,99,101
2194,99,101
2195,99,101
2196,99,101
2197,99,101
2198,99,101
2199,99,101
2200,99,101
2201,99,101
2202,99,101
2203,99,101
2204,99,101
2205,99,101
2206,99,101
2207,99,101
2208,99,101
2209,99,101
2210,99,101
2211,99,101
2212,99,101
2213,99,101
2214,99,101
2215,99,101
2216,99,101
2217,99,101
2218,99,101
2219,99,101
2220,99,101
2221,99,101
2222,99,101
2223,99,101
2224,99,101
2225,99,101
2226,99,101
2227,99,101
2228,99,101
2229,99,101
2230,99,101
2231,99,101
2232,99,101
2233,99,101
2234,99,101
2235,99,101
2236,99,101
2237,99,101
2238,99,101
2239,99,101
2240,99,101
2241,99,101
2242,99,101
2243,99,101
2244,99,101
2245,99,101
2246,99,101
2247,99,101
2248,99,101
2249,99,101
2250,99,101
2251,99,101
2252,99,101
2253,99,101
2254,99,101
2255,99,101
2256,99,101
2257,99,101
2258,99,101
2259,99,101
2260,99,101
2261,99,101
2262,99,101
2263,99,101
2264,99,101
2265,99,101
2266,99,101
2267,99,101
2268,99,101
2269,99,101
2270,99,101
2271,99,101
2272,99,101
2273,99,101
2274,99,101
2275,99,101
2276,99,101
2277,99,101
2278,99,101
2279,99,101
2280,99,101
2281,99,101
2282,99,101
2283,99,101
2284,99,101
2285,99,101
2286,99,101
2287,99,101
2288,99,101
2289,99,101
2290,99,101
2291,99,101
2292,99,101
2293,99,101
2294,99,101
2295,99,101
2296,99,101
2297,99,101
2298,99,101
2299,99,101
2300,99,101
2301,99,101
2302,99,101
2303,99,101
2304,99,101
2305,99,101
2306,99,101
2307,99,101
2308,99,101
2309,99,101
2310,99,101
2311,99,101
2312,99,101
2313,99,101
2314,99,101
2315,99,101
2316,99,101
2317,99,101
2318,99,101
2319,99,101
2320,99,101
2321,99,101
2322,99,101
2323,99,101
2324,99,101
2325,99,101
2326,99,101
2327,99,101
2328,99,101
2329,99,101
2330,99,101
2331,99,101
2332,99,101
2333,99,101
2334,99,101
2335,99,101
2336,99,101
2337,99,101
2338,99,101
2339,99,101
2340,99,101
2341,99,101
2342,99,101
2343,99,101
2344,99,101
2345,99,101
2346,99,101
2347,99,101
2348,99,101
2349,99,101
2350,99,101
2351,99,101
2352,99,101
2353,99,101
2354,99,101
2355,99,101
2356,99,101
2357,99,101
2358,99,101
2359,99,101
2360,99,101
2361,99,101
2362,99,101
2363,99,101
2364,99,101
2365,99,101
2366,99,101
2367,99,101
2368,99,101
2369,99,101
2370,99,101
2371,99,101
2372,99,101
2373,99,101
2374,99,101
2375,99,101
2376,99,101
2377,99,101
2378,99,101
2379,99,101
2380,99,101
2381,99,101
2382,99,101
2383,99,101
2384,99,101
2385,99,101
2386,99,101
2387,99,101
2388,99,101
2389,99,101
2390,99,101
2391,99,101
2392,99,101
2393,99,101
2394,99,101
2395,99,101
2396,99,101
2397,99,101
2398,99,101
2399,99,101
2400,99,101
2401,99,101
2402,99,101
2403,99,101
2404,99,101
2405,99,101
2406,99,101
2407,99,101
2408,99,101
2409,99,101
2410,99,101
2411,99,101
2412,99,101
2413,99,101
2414,99,101
2415,99,101
2416,99,101
2417,99,101
2418,99,101
2419,99,101
2420,99,101
2421,99,101
2422,99,101
2423,99,101
2424,99,101
2425,99,101
2426,99,101
2427,99,101
2428,99,101
2429,99,101
2430,99,101
2431,99,101
2432,99,101
2433,99,101
2434,99,101
2435,99,101
2436,99,101
2437,99,101
2438,99,101
2439,99,101
2440,99,101
2441,99,101
2442,99,101
2443,99,101
2444,99,101
2445,99,101
2446,99,101
2447,99,101
2448,99,101
2449,99,101
2450,99,101
2451,99,101
2452,99,101
2453,99,101
2454,99,101
2455,99,101
2456,99,101
2457,99,101
2458,99,101
2459,99,101
2460,99,101
2461,99,101
2462,99,101
2463,99,101
2464,99,101
2465,99,101
2466,99,101
2467,99,101
2468,99,101
2469,99,101
2470,99,101
2471,99,101
2472,99,101
2473,99,101
2474,99,101
2475,99,101
2476,99,101
2477,99,101
2478,99,101
2479,99,101
2480,99,101
2481,99,101
2482,99,101
2483,99,101
2484,99,101
2485,99,101
2486,99,101
2487,99,101
2488,99,101
2489,99,101
2490,99,101
2491,99,101
2492,99,101
2493,99,101
2494,99,101
2495,99,101
2496,99,101
2497,99,101
2498,99,101
2499,99,101
2500,100,100
2501,100,100
2502,100,100
2503,100,100
2504,100,100
2505,100,100
2506,100,100
2507,100,100
2508,100,100
2509,100,100
2510,100,100
2511,100,100
2512,100,100
2513,100,100
2514,100,100
2515,100,100
2516,100,100
2517,100,100
2518,100,100
2519,100,100
2520,100,100
2521,100,100
2522,100,100
2523,100,100
2524,100,100
2525,100,100
2526,100,100
2527,100,100
2528,100,100
2529,100,100
2530,100,100
2531,100,100
2532,100,100
2533,100,100
2534,100,100
2535,100,100
2536,100,100
2537,100,100
2538,100,100
2539,100,100
2540,100,100
2541,100,100
2542,100,100
2543,100,100
2544,100,100
2545,100,100
2546,100,100
2547,100,100
2548,100,100
2549,100,100
2550,100,100
2551,100,100
2552,100,100
2553,100,100
2554,100,100
2555,100,100
2556,100,100
2557,100,100
2558,100,100
2559,100,100
2560,100,100
2561,100,100
2562,100,100
2563,100,100
2564,100,100
2565,100,100
2566,100,100
2567,100,100
2568,100,100
2569,100,100
2570,100,100
2571,100,100
2572,100,100
2573,100,100
2574,100,100
2575,100,100
2576,100,100
2577,100,100
2578,100,100
2579,100,100
2580,100,100
2581,100,100
2582,100,100
2583,100,100
2584,100,100
2585,100,100
2586,100,100
2587,100,100
2588,100,100
2589,100,100
2590,100,100
2591,100,100
2592,100,100
2593,100,100
2594,100,100
2595,100,100
2596,100,100
2597,100,100
2598,100,100
2599,100,100
2600,100,100
2601,100,100
2602,100,100
2603,100,100
2604,100,100
2605,100,100
2606,100,100
2607,100,100
2608,100,100
2609,100,100
2610,100,100
2611,100,100
2612,100,100
2613,100,100
2614,100,100
2615,100,100
2616,100,100
2617,100,100
2618,100,100
2619,100,100
2620,100,100
2621,100,100
2622,100,100
2623,100,100
2624,100,100
2625,100,100
2626,100,100
2627,100,100
2628,100,100
2629,100,100
2630,100,100
2631,100,100
2632,100,100
2633,100,100
2634,100,100
2635,100,100
2636,100,100
2637,100,100
2638,100,100
2639,100,100
2640,100,100
2641,100,100
2642,100,100
2643,100,100
2644,100,100
2645,100,100
2646,100,100
2647,100,100
2648,100,100
2649,100,100
2650,100,100
2651,100,100
2652,100,100
2653,100,100
2654,100,100
2655,100,100
2656,100,100
2657,100,100
2658,100,100
2659,100,100
2660,100,100
2661,100,100
2662,100,100
2663,100,100
2664,100,100
2665,100,100
2666,100,100
2667,100,100
2668,100,100
2669,100,100
2670,100,100
2671,100,100
2672,100,100
2673,100,100
2674,100,100
2675,100,100
2676,100,100
2677,100,100
2678,100,100
2679,100,100
2680,100,100
2681,100,100
2682,100,100
2683,100,100
2684,100,100
2685,100,100
2686,100,100
2687,100,100
2688,100,100
2689,100,100
2690,100,100
2691,100,100
2692,100,100
2693,100,100
2694,100,100
2695,100,100
2696,100,100
2697,100,100
2698,100,100
2699,100,100
2700,100,100
2701,100,100
2702,100,100
2703,100,100
2704,100,100
2705,100,100
2706,100,100
2707,100,100
2708,100,100
2709,100,100
2710,100,100
2711,100,100
2712,100,100
2713,100,100
2714,100,100
2715,100,100
2716,100,100
2717,100,100
2718,100,100
2719,100,100
2720,100,100
2721,100,100
2722,100,100
2723,100,100
2724,100,100
2725,100,100
2726,100,100
2727,100,100
2728,100,100
2729,100,100
2730,100,100
2731,100,100
2732,100,100
2733,100,100
2734,100,100
2735,100,100
2736,100,100
2737,100,100
2738,100,100
2739,100,100
2740,100,100
2741,100,100
2742,100,100
2743,100,100
2744,100,100
2745,100,100
2746,100,100
2747,100,100
2748,100,100
2749,100,100
2750,100,100
2751,100,100
2752,100,100
2753,100,100
2754,100,100
2755,100,100
2756,100,100
2757,100,100
2758,100,100
2759,100,100
2760,100,100
2761,100,100
2762,100,100
2763,100,100
2764,100,100
2765,100,100
2766,100,100
2767,100,100
2768,100,100
2769,100,100
2770,100,100
2771,100,100
2772,100,100
2773,100,100
2774,100,100
2775,100,100
2776,100,100
2777,100,100
2778,100,100
2779,100,100
2780,100,100
2781,100,100
2782,100,100
2783,100,100
2784,100,100
2785,100,100
2786,100,100
2787,100,100
2788,100,100
2789,100,100
2790,100,100
2791,100,100
2792,100,100
2793,100,100
2794,100,100
2795,100,100
2796,100,100
2797,100,100
2798,100,100
2799,100,100
2800,100,100
2801,100,100
2802,100,100
2803,100,100
2804,100,100
2805,100,100
2806,100,100
2807,100,100
2808,100,100
2809,100,100
2810,100,100
2811,100,100
2812,100,100
2813,100,100
2814,100,100
2815,100,100
2816,100,100
2817,100,100
2818,100,100
2819,100,100
2820,100,100
2821,100,100
2822,100,100
2823,100,100
2824,100,100
2825,100,100
2826,100,100
2827,100,100
2828,100,100
2829,100,100
2830,100,100
2831,100,100
2832,100,100
2833,100,100
2834,100,100
2835,100,100
2836,100,100
2837,100,100
2838,100,100
2839,100,100
2840,100,100
2841,100,100
2842,100,100
2843,100,100
2844,100,100
2845,100,100
2846,100,100
2847,100,100
2848,100,100
2849,100,100
2850,100,100
2851,100,100
2852,100,100
2853,100,100
2854,100,100
2855,100,100
2856,100,100
2857,100,100
2858,100,100
2859,100,100
2860,100,100
2861,100,100
2862,100,100
2863,100,100
2864,100,100
2865,100,100
2866,100,100
2867,100,100
2868,100,100
2869,100,100
2870,100,100
2871,100,100
2872,100,100
2873,100,100
2874,100,100
2875,100,100
2876,100,100
2877,100,100
2878,100,100
2879,100,100
2880,100,100
2881,100,100
2882,100,100
2883,100,100
2884,100,100
2885,100,100
2886,100,100
2887,100,100
2888,100,100
2889,100,100
2890,100,100
2891,100,100
2892,100,100
2893,100,100
2894,100,100
2895,100,100
2896,100,100
2897,100,100
2898,100,100
2899,100,100
2900,100,100
2901,100,100
2902,100,100
2903,100,100
2904,100,100
2905,100,100
2906,100,100
2907,100,100
2908,100,100
2909,100,100
2910,100,100
2911,100,100
2912,100,100
2913,100,100
2914,100,100
2915,100,100
2916,100,100
2917,100,100
2918,100,100
2919,100,100
2920,100,100
2921,100,100
2922,100,100
2923,100,100
2924,100,100
2925,100,100
2926,100,100
2927,100,100
2928,100,100
2929,100,100
2930,100,100
2931,100,100
2932,100,100
2933,100,100
2934,100,100
2935,100,100
2936,100,100
2937,100,100
2938,100,100
2939,100,100
2940,100,100
2941,100,100
2942,100,100
2943,100,100
2944,100,100
2945,100,100
2946,100,100
2947,100,100
2948,100,100
2949,100,100
2950,100,100
2951,100,100
2952,100,100
2953,100,100
2954,100,100
2955,100,100
2956,100,100
2957,100,100
2958,100,100
2959,100,100
2960,100,100
2961,100,100
2962,100,100
2963,100,100
2964,100,100
2965,100,100
2966,100,100
2967,100,100
2968,100,100
2969,100,100
2970,100,100
2971,100,100
2972,100,100
2973,100,100
2974,100,100
2975,100,100
2976,100,100
2977,100,100
2978,100,100
2979,100,100
2980,100,100
2981,100,100
2982,100,100
2983,100,100
2984,100,100
2985,100,100
2986,100,100
2987,100,100
2988,100,100
2989,100,100
2990,100,100
2991,100,100
2992,100,100
2993,100,100
2994,100,100
2995,100,100
2996,100,100
2997,100,100
2998,100,100
2999,100,100
3000,100,100
3001,100,100
3002,100,100
3003,100,100
3004,100,100
3005,100,100
3006,100,100
3007,100,100
3008,100,100
3009,100,100
3010,100,100
3011,100,100
3012,100,100
3013,100,100
3014,100,100
3015,100,100
3016,100,100
3017,100,100
3018,100,100
3019,100,100
3020,100,100
3021,100,100
3022,100,100
3023,100,100
3024,100,100
3025,100,100
3026,100,100
3027,100,100
3028,100,100
3029,100,100
3030,100,100
3031,100,100
3032,100,100
3033,100,100
3034,100,100
3035,100,100
3036,100,100
3037,100,100
3038,100,100
3039,100,100
3040,100,100
3041,100,100
3042,100,100
3043,100,100
3044,100,100
3045,100,100
3046,100,100
3047,100,100
3048,100,100
3049,100,100
3050,100,100
3051,100,100
3052,100,100
3053,100,100
3054,100,100
3055,100,100
3056,100,100
3057,100,100
3058,100,100
3059,100,100
3060,100,100
3061,100,100
3062,100,100
3063,100,100
3064,100,100
3065,100,100
3066,100,100
3067,100,100
3068,100,100
3069,100,100
3070,100,100
3071,100,100
3072,100,100
3073,100,100
3074,100,100
3075,100,100
3076,100,100
3077,100,100
3078,100,100
3079,100,100
3080,100,100
3081,100,100
3082,100,100
3083,100,100
3084,100,100
3085,100,100
3086,100,100
3087,100,100
3088,100,100
3089,100,100
3090,100,100
3091,100,100
3092,100,100
3093,100,100
3094,100,100
3095,100,100
3096,100,100
3097,100,100
3098,100,100
3099,100,100
3100,100,100
3101,100,100
3102,100,100
3103,100,100
3104,100,100
3105,100,100
3106,100,100
3107,100,100
3108,100,100
3109,100,100
3110,100,100
3111,100,100
3112,100,100
3113,100,100
3114,100,100
3115,100,100
3116,100,100
3117,100,100
3118,100,100
3119,100,100
3120,100,100
3121,100,100
3122,100,100
3123,100,100
3124,100,100
3125,100,100
3126,100,100
3127,100,100
3128,100,100
3129,100,100
3130,100,100
3131,100,100
3132,100,100
3133,100,100
3134,100,100
3135,100,100
3136,100,100
3137,100,100
3138,100,100
3139,100,100
3140,100,100
3141,100,100
3142,100,100
3143,100,100
3144,100,100
3145,100,100
3146,100,100
3147,100,100
3148,100,100
3149,100,100
3150,100,100
3151,100,100
3152,100,100
3153,100,100
3154,100,100
3155,100,100
3156,100,100
3157,100,100
3158,100,100
3159,100,100
3160,100,100
3161,100,100
3162,100,100
3163,100,100
3164,100,100
3165,100,100
3166,100,100
3167,100,100
3168,100,100
3169,100,100
3170,100,100
3171,100,100
3172,100,100
3173,100,100
3174,100,100
3175,100,100
3176,100,100
3177,100,100
3178,100,100
3179,100,100
3180,100,100
3181,100,100
3182,100,100
3183,100,100
3184,100,100
3185,100,100
3186,100,100
3187,100,100
3188,100,100
3189,100,100
3190,100,100
3191,100,100
3192,100,100
3193,100,100
3194,100,100
3195,100,100
3196,100,100
3197,100,100
3198,100,100
3199,100,100
3200,100,100
3201,100,100
3202,100,100
3203,100,100
3204,100,100
3205,100,100
3206,100,100
3207,100,100
3208,100,100
3209,100,100
3210,100,100
3211,100,100
3212,100,100
3213,100,100
3214,100,100
3215,100,100
3216,100,100
3217,100,100
3218,100,100
3219,100,100
3220,100,100
3221,100,100
3222,100,100
3223,100,100
3224,100,100
3225,100,100
3226,100,100
3227,100,100
3228,100,100
3229,100,100
3230,100,100
3231,100,100
3232,100,100
3233,100,100
3234,100,100
3235,100,100
3236,100,100
3237,100,100
3238,100,100
3239,100,100
3240,100,100
3241,100,100
3242,100,100
3243,100,100
3244,100,100
3245,100,100
3246,100,100
3247,100,100
3248,100,100
3249,100,100
3250,100,100
3251,100,100
3252,100,100
3253,100,100
3254,100,100
3255,100,100
3256,100,100
3257,100,100
3258,100,100
3259,100,100
3260,100,100
3261,100,100
3262,100,100
3263,100,100
3264,100,100
3265,100,100
3266,100,100
3267,100,100
3268,100,100
3269,100,100
3270,100,100
3271,100,100
3272,100,100
3273,100,100
3274,100,100
3275,100,100
3276,100,100
3277,100,100
3278,100,100
3279,100,100
3280,100,100
3281,100,100
3282,100,100
3283,100,100
3284,100,100
3285,100,100
3286,100,100
3287,100,100
3288,100,100
3289,100,100
3290,100,100
3291,100,100
3292,100,100
3293,100,100
3294,100,100
3295,100,100
3296,100,100
3297,100,100
3298,100,100
3299,100,100
3300,99,101
3301,99,101
3302,99,101
3303,99,101
3304,99,101
3305,99,101
3306,99,101
3307,99,101
3308,99,101
3309,99,101
3310,99,101
3311,99,101
3312,99,101
3313,99,101
3314,99,101
3315,99,101
3316,99,101
3317,99,101
3318,99,101
3319,99,101
3320,99,101
3321,99,101
3322,99,101
3323,99,101
3324,99,101
3325,99,101
3326,99,101
3327,99,101
3328,99,101
3329,99,101
3330,99,101
3331,99,101
3332,99,101
3333,99,101
3334,99,101
3335,99,101
3336,99,101
3337,99,101
3338,99,101
3339,99,101
3340,99,101
3341,99,101
3342,99,101
3343,99,101
3344,99,101
3345,99,101
3346,99,101
3347,99,101
3348,99,101
3349,99,101
3350,99,101
3351,99,101
3352,99,101
3353,99,101
3354,99,101
3355,99,101
3356,99,101
3357,99,101
3358,99,101
3359,99,101
3360,99,101
3361,99,101
3362,99,101
3363,99,101
3364,99,101
3365,99,101
3366,99,101
3367,99,101
3368,99,101
3369,99,101
3370,99,101
3371,99,101
3372,99,101
3373,99,101
3374,99,101
3375,99,101
3376,99,101
3377,99,101
3378,99,101
3379,99,101
3380,99,101
3381,99,101
3382,99,101
3383,99,101
3384,99,101
3385,99,101
3386,99,101
3387,99,101
3388,99,101
3389,99,101
3390,99,101
3391,99,101
3392,99,101
3393,99,101
3394,99,101
3395,99,101
3396,99,101
3397,99,101
3398,99,101
3399,99,101
3400,100,100
3401,100,100
3402,100,100
3403,100,100
3404,100,100
3405,100,100
3406,100,100
3407,100,100
3408,100,100
3409,100,100
3410,100,100
3411,100,100
3412,100,100
3413,100,100
3414,100,100
3415,100,100
3416,100,100
3417,100,100
3418,100,100
3419,100,100
3420,100,100
3421,100,100
3422,100,100
3423,100,100
3424,100,100
3425,100,100
3426,100,100
3427,100,100
3428,100,100
3429,100,100
3430,100,100
3431,100,100
3432,100,100
3433,100,100
3434,100,100
3435,100,100
3436,100,100
3437,100,100
3438,100,100
3439,100,100
3440,100,100
3441,100,100
3442,100,100
3443,100,100
3444,100,100
3445,100,100
3446,100,100
3447,100,100
3448,100,100
3449,100,100
3450,100,100
3451,100,100
3452,100,100
3453,100,100
3454,100,100
3455,100,100
3456,100,100
3457,100,100
3458,100,100
3459,100,100
3460,100,100
3461,100,100
3462,100,100
3463,100,100
3464,100,100
3465,100,100
3466,100,100
3467,100,100
3468,100,100
3469,100,100
3470,100,100
3471,100,100
3472,100,100
3473,100,100
3474,100,100
3475,100,100
3476,100,100
3477,100,100
3478,100,100
3479,100,100
3480,100,100
3481,100,100
3482,100,100
3483,100,100
3484,100,100
3485,100,100
3486,100,100
3487,100,100
3488,100,100
3489,100,100
3490,100,100
3491,100,100
3492,100,100
3493,100,100
3494,100,100
3495,100,100
3496,100,100
3497,100,100
3498,100,100
3499,100,100
3500,100,100
3501,100,100
3502,100,100
3503,100,100
3504,100,100
3505,100,100
3506,100,100
3507,100,100
3508,100,100
3509,100,100
3510,100,100
3511,100,100
3512,100,100
3513,100,100
3514,100,100
3515,100,100
3516,100,100
3517,100,100
3518,100,100
3519,100,100
3520,100,100
3521,100,100
3522,100,100
3523,100,100
3524,100,100
3525,100,100
3526,100,100
3527,100,100
3528,100,100
3529,100,100
3530,100,100
3531,100,100
3532,100,100
3533,100,100
3534,100,100
3535,100,100
3536,100,100
3537,100,100
3538,100,100
3539,100,100
3540,100,100
3541,100,100
3542,100,100
3543,100,100
3544,100,100
3545,100,100
3546,100,100
3547,100,100
3548,100,100
3549,100,100
3550,100,100
3551,100,100
3552,100,100
3553,100,100
3554,100,100
3555,100,100
3556,100,100
3557,100,100
3558,100,100
3559,100,100
3560,100,100
3561,100,100
3562,100,100
3563,100,100
3564,100,100
3565,100,100
3566,100,100
3567,100,100
3568,100,100
3569,100,100
3570,100,100
3571,100,100
3572,100,100
3573,100,100
3574,100,100
3575,100,100
3576,100,100
3577,100,100
3578,100,100
3579,100,100
3580,100,100
3581,100,100
3582,100,100
3583,100,100
3584,100,100
3585,100,100
3586,100,100
3587,100,100
3588,100,100
3589,100,100
3590,100,100
3591,100,100
3592,100,100
3593,100,100
3594,100,100
3595,100,100
3596,100,100
3597,100,100
3598,100,100
3599,100,100
3600,100,100
3601,100,100
3602,100,100
3603,100,100
3604,100,100
3605,100,100
3606,100,100
3607,100,100
3608,100,100
3609,100,100
3610,100,100
3611,100,100
3612,100,100
3613,100,100
3614,100,100
3615,100,100
3616,100,100
3617,100,100
3618,100,100
3619,100,100
3620,100,100
3621,100,100
3622,100,100
3623,100,100
3624,100,100
3625,100,100
3626,100,100
3627,100,100
3628,100,100
3629,100,100
3630,100,100
3631,100,100
3632,100,100
3633,100,100
3634,100,100
3635,100,100
3636,100,100
3637,100,100
3638,100,100
3639,100,100
3640,100,100
3641,100,100
3642,100,100
3643,100,100
3644,100,100
3645,100,100
3646,100,100
3647,100,100
3648,100,100
3649,100,100
3650,100,100
3651,100,100
3652,100,100
3653,100,100
3654,100,100
3655,100,100
3656,100,100
3657,100,100
3658,100,100
3659,100,100
3660,100,100
3661,100,100
3662,100,100
3663,100,100
3664,100,100
3665,100,100
3666,100,100
3667,100,100
3668,100,100
3669,100,100
3670,100,100
3671,100,100
3672,100,100
3673,100,100
3674,100,100
3675,100,100
3676,100,100
3677,100,100
3678,100,100
3679,100,100
3680,100,100
3681,100,100
3682,100,100
3683,100,100
3684,100,100
3685,100,100
3686,100,100
3687,100,100
3688,100,100
3689,100,100
3690,100,100
3691,100,100
3692,100,100
3693,100,100
3694,100,100
3695,100,100
3696,100,100
3697,100,100
3698,100,100
3699,100,100
3700,100,100
3701,100,100
3702,100,100
3703,100,100
3704,100,100
3705,100,100
3706,100,100
3707,100,100
3708,100,100
3709,100,100
3710,100,100
3711,100,100
3712,100,100
3713,100,100
3714,100,100
3715,100,100
3716,100,100
3717,100,100
3718,100,100
3719,100,100
3720,100,100
3721,100,100
3722,100,100
3723,100,100
3724,100,100
3725,100,100
3726,100,100
3727,100,100
3728,100,100
3729,100,100
3730,100,100
3731,100,100
3732,100,100
3733,100,100
3734,100,100
3735,100,100
3736,100,100
3737,100,100
3738,100,100
3739,100,100
3740,100,100
3741,100,100
3742,100,100
3743,100,100
3744,100,100
3745,100,100
3746,100,100
3747,100,100
3748,100,100
3749,100,100
3750,100,100
3751,100,100
3752,100,100
3753,100,100
3754,100,100
3755,100,100
3756,100,100
3757,100,100
3758,100,100
3759,100,100
3760,100,100
3761,100,100
3762,100,100
3763,100,100
3764,100,100
3765,100,100
3766,100,100
3767,100,100
3768,100,100
3769,100,100
3770,100,100
3771,100,100
3772,100,100
3773,100,100
3774,100,100
3775,100,100
3776,100,100
3777,100,100
3778,100,100
3779,100,100
3780,100,100
3781,100,100
3782,100,100
3783,100,100
3784,100,100
3785,100,100
3786,100,100
3787,100,100
3788,100,100
3789,100,100
3790,100,100
3791,100,100
3792,100,100
3793,100,100
3794,100,100
3795,100,100
3796,100,100
3797,100,100
3798,100,100
3799,100,100
3800,100,100
3801,100,100
3802,100,100
3803,100,100
3804,100,100
3805,100,100
3806,100,100
3807,100,100
3808,100,100
3809,100,100
3810,100,100
3811,100,100
3812,100,100
3813,100,100
3814,100,100
3815,100,100
3816,100,100
3817,100,100
3818,100,100
3819,100,100
3820,100,100
3821,100,100
3822,100,100
3823,100,100
3824,100,100
3825,100,100
3826,100,100
3827,100,100
3828,100,100
3829,100,100
3830,100,100
3831,100,100
3832,100,100
3833,100,100
3834,100,100
3835,100,100
3836,100,100
3837,100,100
3838,100,100
3839,100,100
3840,100,100
3841,100,100
3842,100,100
3843,100,100
3844,100,100
3845,100,100
3846,100,100
3847,100,100
3848,100,100
3849,100,100
3850,100,100
3851,100,100
3852,100,100
3853,100,100
3854,100,100
3855,100,100
3856,100,100
3857,100,100
3858,100,100
3859,100,100
3860,100,100
3861,100,100
3862,100,100
3863,100,100
3864,100,100
3865,100,100
3866,100,100
3867,100,100
3868,100,100
3869,100,100
3870,100,100
3871,100,100
3872,100,100
3873,100,100
3874,100,100
3875,100,100
3876,100,100
3877,100,100
3878,100,100
3879,100,100
3880,100,100
3881,100,100
3882,100,100
3883,100,100
3884,100,100
3885,100,100
3886,100,100
3887,100,100
3888,100,100
3889,100,100
3890,100,100
3891,100,100
3892,100,100
3893,100,100
3894,100,100
3895,100,100
3896,100,100
3897,100,100
3898,100,100
3899,100,100
3900,100,100
3901,100,100
3902,100,100
3903,100,100
3904,100,100
3905,100,100
3906,100,100
3907,100,100
3908,100,100
3909,100,100
3910,100,100
3911,100,100
3912,100,100
3913,100,100
3914,100,100
3915,100,100
3916,100,100
3917,100,100
3918,100,100
3919,100,100
3920,100,100
3921,100,100
3922,100,100
3923,100,100
3924,100,100
3925,100,100
3926,100,100
3927,100,100
3928,100,100
3929,100,100
3930,100,100
3931,100,100
3932,100,100
3933,100,100
3934,100,100
3935,100,100
3936,100,100
3937,100,100
3938,100,100
3939,100,100
3940,100,100
3941,100,100
3942,100,100
3943,100,100
3944,100,100
3945,100,100
3946,100,100
3947,100,100
3948,100,100
3949,100,100
3950,100,100
3951,100,100
3952,100,100
3953,100,100
3954,100,100
3955,100,100
3956,100,100
3957,100,100
3958,100,100
3959,100,100
3960,100,100
3961,100,100
3962,100,100
3963,100,100
3964,100,100
3965,100,100
3966,100,100
3967,100,100
3968,100,100
3969,100,100
3970,100,100
3971,100,100
3972,100,100
3973,100,100
3974,100,100
3975,100,100
3976,100,100
3977,100,100
3978,100,100
3979,100,100
3980,100,100
3981,100,100
3982,100,100
3983,100,100
3984,100,100
3985,100,100
3986,100,100
3987,100,100
3988,100,100
3989,100,100
3990,100,100
3991,100,100
3992,100,100
3993,100,100
3994,100,100
3995,100,100
3996,100,100
3997,100,100
3998,100,100
3999,100,100
4000,100,100
4001,100,100
4002,100,100
4003,100,100
4004,100,100
4005,100,100
4006,100,100
4007,100,100
4008,100,100
4009,100,100
4010,100,100
4011,100,100
4012,100,100
4013,100,100
4014,100,100
4015,100,100
4016,100,100
4017,100,100
4018,100,100
4019,100,100
4020,100,100
4021,100,100
4022,100,100
4023,100,100
4024,100,100
4025,100,100
4026,100,100
4027,100,100
4028,100,100
4029,100,100
4030,100,100
4031,100,100
4032,100,100
4033,100,100
4034,100,100
4035,100,100
4036,100,100
4037,100,100
4038,100,100
4039,100,100
4040,100,100
4041,100,100
4042,100,100
4043,100,100
4044,100,100
4045,100,100
4046,100,100
4047,100,100
4048,100,100
4049,100,100
4050,100,100
4051,100,100
4052,100,100
4053,100,100
4054,100,100
4055,100,100
4056,100,100
4057,100,100
4058,100,100
4059,100,100
4060,100,100
4061,100,100
4062,100,100
4063,100,100
4064,100,100
4065,100,100
4066,100,100
4067,100,100
4068,100,100
4069,100,100
4070,100,100
4071,100,100
4072,100,100
4073,100,100
4074,100,100
4075,100,100
4076,100,100
4077,100,100
4078,100,100
4079,100,100
4080,100,100
4081,100,100
4082,100,100
4083,100,100
4084,100,100
4085,100,100
4086,100,100
4087,100,100
4088,100,100
4089,100,100
4090,100,100
4091,100,100
4092,100,100
4093,100,100
4094,100,100
4095,100,100
4096,100,100
4097,100,100
4098,100,100
4099,100,100
4100,99,101
4101,99,101
4102,99,101
4103,99,101
4104,99,101
4105,99,101
4106,99,101
4107,99,101
4108,99,101
4109,99,101
4110,99,101
4111,99,101
4112,99,101
4113,99,101
4114,99,101
4115,99,101
4116,99,101
4117,99,101
4118,99,101
4119,99,101
4120,99,101
4121,99,101
4122,99,101
4123,99,101
4124,99,101
4125,99,101
4126,99,101
4127,99,101
4128,99,101
4129,99,101
4130,99,101
4131,99,101
4132,99,101
4133,99,101
4134,99,101
4135,99,101
4136,99,101
4137,99,101
4138,99,101
4139,99,101
4140,99,101
4141,99,101
4142,99,101
4143,99,101
4144,99,101
4145,99,101
4146,99,101
4147,99,101
4148,99,101
4149,99,101
4150,99,101
4151,99,101
4152,99,101
4153,99,101
4154,99,101
4155,99,101
4156,99,101
4157,99,101
4158,99,101
4159,99,101
4160,99,101
4161,99,101
4162,99,101
4163,99,101
4164,99,101
4165,99,101
4166,99,101
4167,99,101
4168,99,101
4169,99,101
4170,99,101
4171,99,101
4172,99,101
4173,99,101
4174,99,101
4175,99,101
4176,99,101
4177,99,101
4178,99,101
4179,99,101
4180,99,101
4181,99,101
4182,99,101
4183,99,101
4184,99,101
4185,99,101
4186,99,101
4187,99,101
4188,99,101
4189,99,101
4190,99,101
4191,99,101
4192,99,101
4193,99,101
4194,99,101
4195,99,101
4196,99,101
4197,99,101
4198,99,101
4199,99,101
4200,98,102
4201,98,102
4202,98,102
4203,98,102
4204,98,102
4205,98,102
4206,98,102
4207,98,102
4208,98,102
4209,98,102
4210,98,102
4211,98,102
4212,98,102
4213,98,102
4214,98,102
4215,98,102
4216,98,102
4217,98,102
4218,98,102
4219,98,102
4220,98,102
4221,98,102
4222,98,102
4223,98,102
4224,98,102
4225,98,102
4226,98,102
4227,98,102
4228,98,102
4229,98,102
4230,98,102
4231,98,102
4232,98,102
4233,98,102
4234,98,102
4235,98,102
4236,98,102
4237,98,102
4238,98,102
4239,98,102
4240,98,102
4241,98,102
4242,98,102
4243,98,102
4244,98,102
4245,98,102
4246,98,102
4247,98,102
4248,98,102
4249,98,102
4250,98,102
4251,98,102
4252,98,102
4253,98,102
4254,98,102
4255,98,102
4256,98,102
4257,98,102
4258,98,102
4259,98,102
4260,98,102
4261,98,102
4262,98,102
4263,98,102
4264,98,102
4265,98,102
4266,98,102
4267,98,102
4268,98,102
4269,98,102
4270,98,102
4271,98,102
4272,98,102
4273,98,102
4274,98,102
4275,98,102
4276,98,102
4277,98,102
4278,98,102
4279,98,102
4280,98,102
4281,98,102
4282,98,102
4283,98,102
4284,98,102
4285,98,102
4286,98,102
4287,98,102
4288,98,102
4289,98,102
4290,98,102
4291,98,102
4292,98,102
4293,98,102
4294,98,102
4295,98,102
4296,98,102
4297,98,102
4298,98,102
4299,98,102
4300,98,102
4301,98,102
4302,98,102
4303,98,102
4304,98,102
4305,98,102
4306,98,102
4307,98,102
4308,98,102
4309,98,102
4310,98,102
4311,98,102
4312,98,102
4313,98,102
4314,98,102
4315,98,102
4316,98,102
4317,98,102
4318,98,102
4319,98,102
4320,98,102
4321,98,102
4322,98,102
4323,98,102
4324,98,102
4325,98,102
4326,98,102
4327,98,102
4328,98,102
4329,98,102
4330,98,102
4331,98,102
4332,98,102
4333,98,102
4334,98,102
4335,98,102
4336,98,102
4337,98,102
4338,98,102
4339,98,102
4340,98,102
4341,98,102
4342,98,102
4343,98,102
4344,98,102
4345,98,102
4346,98,102
4347,98,102
4348,98,102
4349,98,102
4350,98,102
4351,98,102
4352,98,102
4353,98,102
4354,98,102
4355,98,102
4356,98,102
4357,98,102
4358,98,102
4359,98,102
4360,98,102
4361,98,102
4362,98,102
4363,98,102
4364,98,102
4365,98,102
4366,98,102
4367,98,102
4368,98,102
4369,98,102
4370,98,102
4371,98,102
4372,98,102
4373,98,102
4374,98,102
4375,98,102
4376,98,102
4377,98,102
4378,98,102
4379,98,102
4380,98,102
4381,98,102
4382,98,102
4383,98,102
4384,98,102
4385,98,102
4386,98,102
4387,98,102
4388,98,102
4389,98,102
4390,98,102
4391,98,102
4392,98,102
4393,98,102
4394,98,102
4395,98,102
4396,98,102
4397,98,102
4398,98,102
4399,98,102
4400,99,101
4401,99,101
4402,99,101
4403,99,101
4404,99,101
4405,99,101
4406,99,101
4407,99,101
4408,99,101
4409,99,101
4410,99,101
4411,99,101
4412,99,101
4413,99,101
4414,99,101
4415,99,101
4416,99,101
4417,99,101
4418,99,101
4419,99,101
4420,99,101
4421,99,101
4422,99,101
4423,99,101
4424,99,101
4425,99,101
4426,99,101
4427,99,101
4428,99,101
4429,99,101
4430,99,101
4431,99,101
4432,99,101
4433,99,101
4434,99,101
4435,99,101
4436,99,101
4437,99,101
4438,99,101
4439,99,101
4440,99,101
4441,99,101
4442,99,101
4443,99,101
4444,99,101
4445,99,101
4446,99,101
4447,99,101
4448,99,101
4449,99,101
4450,99,101
4451,99,101
4452,99,101
4453,99,101
4454,99,101
4455,99,101
4456,99,101
4457,99,101
4458,99,101
4459,99,101
4460,99,101
4461,99,101
4462,99,101
4463,99,101
4464,99,101
4465,99,101
4466,99,101
4467,99,101
4468,99,101
4469,99,101
4470,99,101
4471,99,101
4472,99,101
4473,99,101
4474,99,101
4475,99,101
4476,99,101
4477,99,101
4478,99,101
4479,99,101
4480,99,101
4481,99,101
4482,99,101
4483,99,101
4484,99,101
4485,99,101
4486,99,101
4487,99,101
4488,99,101
4489,99,101
4490,99,101
4491,99,101
4492,99,101
4493,99,101
4494,99,101
4495,99,101
4496,99,101
4497,99,101
4498,99,101
4499,99,101
4500,100,100
4501,100,100
4502,100,100
4503,100,100
4504,100,100
4505,100,100
4506,100,100
4507,100,100
4508,100,100
4509,100,100
4510,100,100
4511,100,100
4512,100,100
4513,100,100
4514,100,100
4515,100,100
4516,100,100
4517,100,100
4518,100,100
4519,100,100
4520,100,100
4521,100,100
4522,100,100
4523,100,100
4524,100,100
4525,100,100
4526,100,100
4527,100,100
4528,100,100
4529,100,100
4530,100,100
4531,100,100
4532,100,100
4533,100,100
4534,100,100
4535,100,100
4536,100,100
4537,100,100
4538,100,100
4539,100,100
4540,100,100
4541,100,100
4542,100,100
4543,100,100
4544,100,100
4545,100,100
4546,100,100
4547,100,100
4548,100,100
4549,100,100
4550,100,100
4551,100,100
4552,100,100
4553,100,100
4554,100,100
4555,100,100
4556,100,100
4557,100,100
4558,100,100
4559,100,100
4560,100,100
4561,100,100
4562,100,100
4563,100,100
4564,100,100
4565,100,100
4566,100,100
4567,100,100
4568,100,100
4569,100,100
4570,100,100
4571,100,100
4572,100,100
4573,100,100
4574,100,100
4575,100,100
4576,100,100
4577,100,100
4578,100,100
4579,100,100
4580,100,100
4581,100,100
4582,100,100
4583,100,100
4584,100,100
4585,100,100
4586,100,100
4587,100,100
4588,100,100
4589,100,100
4590,100,100
4591,100,100
4592,100,100
4593,100,100
4594,100,100
4595,100,100
4596,100,100
4597,100,100
4598,100,100
4599,100,100
4600,100,100
4601,100,100
4602,100,100
4603,100,100
4604,100,100
4605,100,100
4606,100,100
4607,100,100
4608,100,100
4609,100,100
4610,100,100
4611,100,100
4612,100,100
4613,100,100
4614,100,100
4615,100,100
4616,100,100
4617,100,100
4618,100,100
4619,100,100
4620,100,100
4621,100,100
4622,100,100
4623,100,100
4624,100,100
4625,100,100
4626,100,100
4627,100,100
4628,100,100
4629,100,100
4630,100,100
4631,100,100
4632,100,100
4633,100,100
4634,100,100
4635,100,100
4636,100,100
4637,100,100
4638,100,100
4639,100,100
4640,100,100
4641,100,100
4642,100,100
4643,100,100
4644,100,100
4645,100,100
4646,100,100
4647,100,100
4648,100,100
4649,100,100
4650,100,100
4651,100,100
4652,100,100
4653,100,100
4654,100,100
4655,100,100
4656,100,100
4657,100,100
4658,100,100
4659,100,100
4660,100,100
4661,100,100
4662,100,100
4663,100,100
4664,100,100
4665,100,100
4666,100,100
4667,100,100
4668,100,100
4669,100,100
4670,100,100
4671,100,100
4672,100,100
4673,100,100
4674,100,100
4675,100,100
4676,100,100
4677,100,100
4678,100,100
4679,100,100
4680,100,100
4681,100,100
4682,100,100
4683,100,100
4684,100,100
4685,100,100
4686,100,100
4687,100,100
4688,100,100
4689,100,100
4690,100,100
4691,100,100
4692,100,100
4693,100,100
4694,100,100
4695,100,100
4696,100,100
4697,100,100
4698,100,100
4699,100,100
4700,99,101
4701,99,101
4702,99,101
4703,99,101
4704,99,101
4705,99,101
4706,99,101
4707,99,101
4708,99,101
4709,99,101
4710,99,101
4711,99,101
4712,99,101
4713,99,101
4714,99,101
4715,99,101
4716,99,101
4717,99,101
4718,99,101
4719,99,101
4720,99,101
4721,99,101
4722,99,101
4723,99,101
4724,99,101
4725,99,101
4726,99,101
4727,99,101
4728,99,101
4729,99,101
4730,99,101
4731,99,101
4732,99,101
4733,99,101
4734,99,101
4735,99,101
4736,99,101
4737,99,101
4738,99,101
4739,99,101
4740,99,101
4741,99,101
4742,99,101
4743,99,101
4744,99,101
4745,99,101
4746,99,101
4747,99,101
4748,99,101
4749,99,101
4750,99,101
4751,99,101
4752,99,101
4753,99,101
4754,99,101
4755,99,101
4756,99,101
4757,99,101
4758,99,101
4759,99,101
4760,99,101
4761,99,101
4762,99,101
4763,99,101
4764,99,101
4765,99,101
4766,99,101
4767,99,101
4768,99,101
4769,99,101
4770,99,101
4771,99,101
4772,99,101
4773,99,101
4774,99,101
4775,99,101
4776,99,101
4777,99,101
4778,99,101
4779,99,101
4780,99,101
4781,99,101
4782,99,101
4783,99,101
4784,99,101
4785,99,101
4786,99,101
4787,99,101
4788,99,101
4789,99,101
4790,99,101
4791,99,101
4792,99,101
4793,99,101
4794,99,101
4795,99,101
4796,99,101
4797,99,101
4798,99,101
4799,99,101
4800,99,101
4801,99,101
4802,99,101
4803,99,101
4804,99,101
4805,99,101
4806,99,101
4807,99,101
4808,99,101
4809,99,101
4810,99,101
4811,99,101
4812,99,101
4813,99,101
4814,99,101
4815,99,101
4816,99,101
4817,99,101
4818,99,101
4819,99,101
4820,99,101
4821,99,101
4822,99,101
4823,99,101
4824,99,101
4825,99,101
4826,99,101
4827,99,101
4828,99,101
4829,99,101
4830,99,101
4831,99,101
4832,99,101
4833,99,101
4834,99,101
4835,99,101
4836,99,101
4837,99,101
4838,99,101
4839,99,101
4840,99,101
4841,99,101
4842,99,101
4843,99,101
4844,99,101
4845,99,101
4846,99,101
4847,99,101
4848,99,101
4849,99,101
4850,99,101
4851,99,101
4852,99,101
4853,99,101
4854,99,101
4855,99,101
4856,99,101
4857,99,101
4858,99,101
4859,99,101
4860,99,101
4861,99,101
4862,99,101
4863,99,101
4864,99,101
4865,99,101
4866,99,101
4867,99,101
4868,99,101
4869,99,101
4870,99,101
4871,99,101
4872,99,101
4873,99,101
4874,99,101
4875,99,101
4876,99,101
4877,99,101
4878,99,101
4879,99,101
4880,99,101
4881,99,101
4882,99,101
4883,99,101
4884,99,101
4885,99,101
4886,99,101
4887,99,101
4888,99,101
4889,99,101
4890,99,101
4891,99,101
4892,99,101
4893,99,101
4894,99,101
4895,99,101
4896,99,101
4897,99,101
4898,99,101
4899,99,101
4900,99,101
4901,99,101
4902,99,101
4903,99,101
4904,99,101
4905,99,101
4906,99,101
4907,99,101
4908,99,101
4909,99,101
4910,99,101
4911,99,101
4912,99,101
4913,99,101
4914,99,101
4915,99,101
4916,99,101
4917,99,101
4918,99,101
4919,99,101
4920,99,101
4921,99,101
4922,99,101
4923,99,101
4924,99,101
4925,99,101
4926,99,101
4927,99,101
4928,99,101
4929,99,101
4930,99,101
4931,99,101
4932,99,101
4933,99,101
4934,99,101
4935,99,101
4936,99,101
4937,99,101
4938,99,101
4939,99,101
4940,99,101
4941,99,101
4942,99,101
4943,99,101
4944,99,101
4945,99,101
4946,99,101
4947,99,101
4948,99,101
4949,99,101
4950,99,101
4951,99,101
4952,99,101
4953,99,101
4954,99,101
4955,99,101
4956,99,101
4957,99,101
4958,99,101
4959,99,101
4960,99,101
4961,99,101
4962,99,101
4963,99,101
4964,99,101
4965,99,101
4966,99,101
4967,99,101
4968,99,101
4969,99,101
4970,99,101
4971,99,101
4972,99,101
4973,99,101
4974,99,101
4975,99,101
4976,99,101
4977,99,101
4978,99,101
4979,99,101
4980,99,101
4981,99,101
4982,99,101
4983,99,101
4984,99,101
4985,99,101
4986,99,101
4987,99,101
4988,99,101
4989,99,101
4990,99,101
4991,99,101
4992,99,101
4993,99,101
4994,99,101
4995,99,101
4996,99,101
4997,99,101
4998,99,101
4999,99,101
5000,98,102
5001,98,102
5002,98,102
5003,98,102
5004,98,102
5005,98,102
5006,98,102
5007,98,102
5008,98,102
5009,98,102
5010,98,102
5011,98,102
5012,98,102
5013,98,102
5014,98,102
5015,98,102
5016,98,102
5017,98,102
5018,98,102
5019,98,102
5020,98,102
5021,98,102
5022,98,102
5023,98,102
5024,98,102
5025,98,102
5026,98,102
5027,98,102
5028,98,102
5029,98,102
5030,98,102
5031,98,102
5032,98,102
5033,98,102
5034,98,102
5035,98,102
5036,98,102
5037,98,102
5038,98,102
5039,98,102
5040,98,102
5041,98,102
5042,98,102
5043,98,102
5044,98,102
5045,98,102
5046,98,102
5047,98,102
5048,98,102
5049,98,102
5050,98,102
5051,98,102
5052,98,102
5053,98,102
5054,98,102
5055,98,102
5056,98,102
5057,98,102
5058,98,102
5059,98,102
5060,98,102
5061,98,102
5062,98,102
5063,98,102
5064,98,102
5065,98,102
5066,98,102
5067,98,102
5068,98,102
5069,98,102
5070,98,102
5071,98,102
5072,98,102
5073,98,102
5074,98,102
5075,98,102
5076,98,102
5077,98,102
5078,98,102
5079,98,102
5080,98,102
5081,98,102
5082,98,102
5083,98,102
5084,98,102
5085,98,102
5086,98,102
5087,98,102
5088,98,102
5089,98,102
5090,98,102
5091,98,102
5092,98,102
5093,98,102
5094,98,102
5095,98,102
5096,98,102
5097,98,102
5098,98,102
5099,98,102
5100,97,103
5101,97,103
5102,97,103
5103,97,103
5104,97,103
5105,97,103
5106,97,103
5107,97,103
5108,97,103
5109,97,103
5110,97,103
5111,97,103
5112,97,103
5113,97,103
5114,97,103
5115,97,103
5116,97,103
5117,97,103
5118,97,103
5119,97,103
5120,97,103
5121,97,103
5122,97,103
5123,97,103
5124,97,103
5125,97,103
5126,97,103
5127,97,103
5128,97,103
5129,97,103
5130,97,103
5131,97,103
5132,97,103
5133,97,103
5134,97,103
5135,97,103
5136,97,103
5137,97,103
5138,97,103
5139,97,103
5140,97,103
5141,97,103
5142,97,103
5143,97,103
5144,97,103
5145,97,103
5146,97,103
5147,97,103
5148,97,103
5149,97,103
5150,97,103
5151,97,103
5152,97,103
5153,97,103
5154,97,103
5155,97,103
5156,97,103
5157,97,103
5158,97,103
5159,97,103
5160,97,103
5161,97,103
5162,97,103
5163,97,103
5164,97,103
5165,97,103
5166,97,103
5167,97,103
5168,97,103
5169,97,103
5170,97,103
5171,97,103
5172,97,103
5173,97,103
5174,97,103
5175,97,103
5176,97,103
5177,97,103
5178,97,103
5179,97,103
5180,97,103
5181,97,103
5182,97,103
5183,97,103
5184,97,103
5185,97,103
5186,97,103
5187,97,103
5188,97,103
5189,97,103
5190,97,103
5191,97,103
5192,97,103
5193,97,103
5194,97,103
5195,97,103
5196,97,103
5197,97,103
5198,97,103
5199,97,103
5200,98,102
5201,98,102
5202,98,102
5203,98,102
5204,98,102
5205,98,102
5206,98,102
5207,98,102
5208,98,102
5209,98,102
5210,98,102
5211,98,102
5212,98,102
5213,98,102
5214,98,102
5215,98,102
5216,98,102
5217,98,102
5218,98,102
5219,98,102
5220,98,102
5221,98,102
5222,98,102
5223,98,102
5224,98,102
5225,98,102
5226,98,102
5227,98,102
5228,98,102
5229,98,102
5230,98,102
5231,98,102
5232,98,102
5233,98,102
5234,98,102
5235,98,102
5236,98,102
5237,98,102
5238,98,102
5239,98,102
5240,98,102
5241,98,102
5242,98,102
5243,98,102
5244,98,102
5245,98,102
5246,98,102
5247,98,102
5248,98,102
5249,98,102
5250,98,102
5251,98,102
5252,98,102
5253,98,102
5254,98,102
5255,98,102
5256,98,102
5257,98,102
5258,98,102
5259,98,102
5260,98,102
5261,98,102
5262,98,102
5263,98,102
5264,98,102
5265,98,102
5266,98,102
5267,98,102
5268,98,102
5269,98,102
5270,98,102
5271,98,102
5272,98,102
5273,98,102
5274,98,102
5275,98,102
5276,98,102
5277,98,102
5278,98,102
5279,98,102
5280,98,102
5281,98,102
5282,98,102
5283,98,102
5284,98,102
5285,98,102
5286,98,102
5287,98,102
5288,98,102
5289,98,102
5290,98,102
5291,98,102
5292,98,102
5293,98,102
5294,98,102
5295,98,102
5296,98,102
5297,98,102
5298,98,102
5299,98,102
5300,98,102
5301,98,102
5302,98,102
5303,98,102
5304,98,102
5305,98,102
5306,98,102
5307,98,102
5308,98,102
5309,98,102
5310,98,102
5311,98,102
5312,98,102
5313,98,102
5314,98,102
5315,98,102
5316,98,102
5317,98,102
5318,98,102
5319,98,102
5320,98,102
5321,98,102
5322,98,102
5323,98,102
5324,98,102
5325,98,102
5326,98,102
5327,98,102
5328,98,102
5329,98,102
5330,98,102
5331,98,102
5332,98,102
5333,98,102
5334,98,102
5335,98,102
5336,98,102
5337,98,102
5338,98,102
5339,98,102
5340,98,102
5341,98,102
5342,98,102
5343,98,102
5344,98,102
5345,98,102
5346,98,102
5347,98,102
5348,98,102
5349,98,102
5350,98,102
5351,98,102
5352,98,102
5353,98,102
5354,98,102
5355,98,102
5356,98,102
5357,98,102
5358,98,102
5359,98,102
5360,98,102
5361,98,102
5362,98,102
5363,98,102
5364,98,102
5365,98,102
5366,98,102
5367,98,102
5368,98,102
5369,98,102
5370,98,102
5371,98,102
5372,98,102
5373,98,102
5374,98,102
5375,98,102
5376,98,102
5377,98,102
5378,98,102
5379,98,102
5380,98,102
5381,98,102
5382,98,102
5383,98,102
5384,98,102
5385,98,102
5386,98,102
5387,98,102
5388,98,102
5389,98,102
5390,98,102
5391,98,102
5392,98,102
5393,98,102
5394,98,102
5395,98,102
5396,98,102
5397,98,102
5398,98,102
5399,98,102
5400,99,101
5401,99,101
5402,99,101
5403,99,101
5404,99,101
5405,99,101
5406,99,101
5407,99,101
5408,99,101
5409,99,101
5410,99,101
5411,99,101
5412,99,101
5413,99,101
5414,99,101
5415,99,101
5416,99,101
5417,99,101
5418,99,101
5419,99,101
5420,99,101
5421,99,101
5422,99,101
5423,99,101
5424,99,101
5425,99,101
5426,99,101
5427,99,101
5428,99,101
5429,99,101
5430,99,101
5431,99,101
5432,99,101
5433,99,101
5434,99,101
5435,99,101
5436,99,101
5437,99,101
5438,99,101
5439,99,101
5440,99,101
5441,99,101
5442,99,101
5443,99,101
5444,99,101
5445,99,101
5446,99,101
5447,99,101
5448,99,101
5449,99,101
5450,99,101
5451,99,101
5452,99,101
5453,99,101
5454,99,101
5455,99,101
5456,99,101
5457,99,101
5458,99,101
5459,99,101
5460,99,101
5461,99,101
5462,99,101
5463,99,101
5464,99,101
5465,99,101
5466,99,101
5467,99,101
5468,99,101
5469,99,101
5470,99,101
5471,99,101
5472,99,101
5473,99,101
5474,99,101
5475,99,101
5476,99,101
5477,99,101
5478,99,101
5479,99,101
5480,99,101
5481,99,101
5482,99,101
5483,99,101
5484,99,101
5485,99,101
5486,99,101
5487,99,101
5488,99,101
5489,99,101
5490,99,101
5491,99,101
5492,99,101
5493,99,101
5494,99,101
5495,99,101
5496,99,101
5497,99,101
5498,99,101
5499,99,101
5500,98,102
5501,98,102
5502,98,102
5503,98,102
5504,98,102
5505,98,102
5506,98,102
5507,98,102
5508,98,102
5509,98,102
5510,98,102
5511,98,102
5512,98,102
5513,98,102
5514,98,102
5515,98,102
5516,98,102
5517,98,102
5518,98,102
5519,98,102
5520,98,102
5521,98,102
5522,98,102
5523,98,102
5524,98,102
5525,98,102
5526,98,102
5527,98,102
5528,98,102
5529,98,102
5530,98,102
5531,98,102
5532,98,102
5533,98,102
5534,98,102
5535,98,102
5536,98,102
5537,98,102
5538,98,102
5539,98,102
5540,98,102
5541,98,102
5542,98,102
5543,98,102
5544,98,102
5545,98,102
5546,98,102
5547,98,102
5548,98,102
5549,98,102
5550,98,102
5551,98,102
5552,98,102
5553,98,102
5554,98,102
5555,98,102
5556,98,102
5557,98,102
5558,98,102
5559,98,102
5560,98,102
5561,98,102
5562,98,102
5563,98,102
5564,98,102
5565,98,102
5566,98,102
5567,98,102
5568,98,102
5569,98,102
5570,98,102
5571,98,102
5572,98,102
5573,98,102
5574,98,102
5575,98,102
5576,98,102
5577,98,102
5578,98,102
5579,98,102
5580,98,102
5581,98,102
5582,98,102
5583,98,102
5584,98,102
5585,98,102
5586,98,102
5587,98,102
5588,98,102
5589,98,102
5590,98,102
5591,98,102
5592,98,102
5593,98,102
5594,98,102
5595,98,102
5596,98,102
5597,98,102
5598,98,102
5599,98,102
5600,99,101
5601,99,101
5602,99,101
5603,99,101
5604,99,101
5605,99,101
5606,99,101
5607,99,101
5608,99,101
5609,99,101
5610,99,101
5611,99,101
5612,99,101
5613,99,101
5614,99,101
5615,99,101
5616,99,101
5617,99,101
5618,99,101
5619,99,101
5620,99,101
5621,99,101
5622,99,101
5623,99,101
5624,99,101
5625,99,101
5626,99,101
5627,99,101
5628,99,101
5629,99,101
5630,99,101
5631,99,101
5632,99,101
5633,99,101
5634,99,101
5635,99,101
5636,99,101
5637,99,101
5638,99,101
5639,99,101
5640,99,101
5641,99,101
5642,99,101
5643,99,101
5644,99,101
5645,99,101
5646,99,101
5647,99,101
5648,99,101
5649,99,101
5650,99,101
5651,99,101
5652,99,101
5653,99,101
5654,99,101
5655,99,101
5656,99,101
5657,99,101
5658,99,101
5659,99,101
5660,99,101
5661,99,101
5662,99,101
5663,99,101
5664,99,101
5665,99,101
5666,99,101
5667,99,101
5668,99,101
5669,99,101
5670,99,101
5671,99,101
5672,99,101
5673,99,101
5674,99,101
5675,99,101
5676,99,101
5677,99,101
5678,99,101
5679,99,101
5680,99,101
5681,99,101
5682,99,101
5683,99,101
5684,99,101
5685,99,101
5686,99,101
5687,99,101
5688,99,101
5689,99,101
5690,99,101
5691,99,101
5692,99,101
5693,99,101
5694,99,101
5695,99,101
5696,99,101
5697,99,101
5698,99,101
5699,99,101
5700,99,101
5701,99,101
5702,99,101
5703,99,101
5704,99,101
5705,99,101
5706,99,101
5707,99,101
5708,99,101
5709,99,101
5710,99,101
5711,99,101
5712,99,101
5713,99,101
5714,99,101
5715,99,101
5716,99,101
5717,99,101
5718,99,101
5719,99,101
5720,99,101
5721,99,101
5722,99,101
5723,99,101
5724,99,101
5725,99,101
5726,99,101
5727,99,101
5728,99,101
5729,99,101
5730,99,101
5731,99,101
5732,99,101
5733,99,101
5734,99,101
5735,99,101
5736,99,101
5737,99,101
5738,99,101
5739,99,101
5740,99,101
5741,99,101
5742,99,101
5743,99,101
5744,99,101
5745,99,101
5746,99,101
5747,99,101
5748,99,101
5749,99,101
5750,99,101
5751,99,101
5752,99,101
5753,99,101
5754,99,101
5755,99,101
5756,99,101
5757,99,101
5758,99,101
5759,99,101
5760,99,101
5761,99,101
5762,99,101
5763,99,101
5764,99,101
5765,99,101
5766,99,101
5767,99,101
5768,99,101
5769,99,101
5770,99,101
5771,99,101
5772,99,101
5773,99,101
5774,99,101
5775,99,101
5776,99,101
5777,99,101
5778,99,101
5779,99,101
5780,99,101
5781,99,101
5782,99,101
5783,99,101
5784,99,101
5785,99,101
5786,99,101
5787,99,101
5788,99,101
5789,99,101
5790,99,101
5791,99,101
5792,99,101
5793,99,101
5794,99,101
5795,99,101
5796,99,101
5797,99,101
5798,99,101
5799,99,101
5800,98,102
5801,98,102
5802,98,102
5803,98,102
5804,98,102
5805,98,102
5806,98,102
5807,98,102
5808,98,102
5809,98,102
5810,98,102
5811,98,102
5812,98,102
5813,98,102
5814,98,102
5815,98,102
5816,98,102
5817,98,102
5818,98,102
5819,98,102
5820,98,102
5821,98,102
5822,98,102
5823,98,102
5824,98,102
5825,98,102
5826,98,102
5827,98,102
5828,98,102
5829,98,102
5830,98,102
5831,98,102
5832,98,102
5833,98,102
5834,98,102
5835,98,102
5836,98,102
5837,98,102
5838,98,102
5839,98,102
5840,98,102
5841,98,102
5842,98,102
5843,98,102
5844,98,102
5845,98,102
5846,98,102
5847,98,102
5848,98,102
5849,98,102
5850,98,102
5851,98,102
5852,98,102
5853,98,102
5854,98,102
5855,98,102
5856,98,102
5857,98,102
5858,98,102
5859,98,102
5860,98,102
5861,98,102
5862,98,102
5863,98,102
5864,98,102
5865,98,102
5866,98,102
5867,98,102
5868,98,102
5869,98,102
5870,98,102
5871,98,102
5872,98,102
5873,98,102
5874,98,102
5875,98,102
5876,98,102
5877,98,102
5878,98,102
5879,98,102
5880,98,102
5881,98,102
5882,98,102
5883,98,102
5884,98,102
5885,98,102
5886,98,102
5887,98,102
5888,98,102
5889,98,102
5890,98,102
5891,98,102
5892,98,102
5893,98,102
5894,98,102
5895,98,102
5896,98,102
5897,98,102
5898,98,102
5899,98,102
5900,98,102
5901,98,102
5902,98,102
5903,98,102
5904,98,102
5905,98,102
5906,98,102
5907,98,102
5908,98,102
5909,98,102
5910,98,102
5911,98,102
5912,98,102
5913,98,102
5914,98,102
5915,98,102
5916,98,102
5917,98,102
5918,98,102
5919,98,102
5920,98,102
5921,98,102
5922,98,102
5923,98,102
5924,98,102
5925,98,102
5926,98,102
5927,98,102
5928,98,102
5929,98,102
5930,98,102
5931,98,102
5932,98,102
5933,98,102
5934,98,102
5935,98,102
5936,98,102
5937,98,102
5938,98,102
5939,98,102
5940,98,102
5941,98,102
5942,98,102
5943,98,102
5944,98,102
5945,98,102
5946,98,102
5947,98,102
5948,98,102
5949,98,102
5950,98,102
5951,98,102
5952,98,102
5953,98,102
5954,98,102
5955,98,102
5956,98,102
5957,98,102
5958,98,102
5959,98,102
5960,98,102
5961,98,102
5962,98,102
5963,98,102
5964,98,102
5965,98,102
5966,98,102
5967,98,102
5968,98,102
5969,98,102
5970,98,102
5971,98,102
5972,98,102
5973,98,102
5974,98,102
5975,98,102
5976,98,102
5977,98,102
5978,98,102
5979,98,102
5980,98,102
5981,98,102
5982,98,102
5983,98,102
5984,98,102
5985,98,102
5986,98,102
5987,98,102
5988,98,102
5989,98,102
5990,98,102
5991,98,102
5992,98,102
5993,98,102
5994,98,102
5995,98,102
5996,98,102
5997,98,102
5998,98,102
5999,98,102
6000,98,102
6001,98,102
6002,98,102
6003,98,102
6004,98,102
6005,98,102
6006,98,102
6007,98,102
6008,98,102
6009,98,102
6010,98,102
6011,98,102
6012,98,102
6013,98,102
6014,98,102
6015,98,102
6016,98,102
6017,98,102
6018,98,102
6019,98,102
6020,98,102
6021,98,102
6022,98,102
6023,98,102
6024,98,102
6025,98,102
6026,98,102
6027,98,102
6028,98,102
6029,98,102
6030,98,102
6031,98,102
6032,98,102
6033,98,102
6034,98,102
6035,98,102
6036,98,102
6037,98,102
6038,98,102
6039,98,102
6040,98,102
6041,98,102
6042,98,102
6043,98,102
6044,98,102
6045,98,102
6046,98,102
6047,98,102
6048,98,102
6049,98,102
6050,98,102
6051,98,102
6052,98,102
6053,98,102
6054,98,102
6055,98,102
6056,98,102
6057,98,102
6058,98,102
6059,98,102
6060,98,102
6061,98,102
6062,98,102
6063,98,102
6064,98,102
6065,98,102
6066,98,102
6067,98,102
6068,98,102
6069,98,102
6070,98,102
6071,98,102
6072,98,102
6073,98,102
6074,98,102
6075,98,102
6076,98,102
6077,98,102
6078,98,102
6079,98,102
6080,98,102
6081,98,102
6082,98,102
6083,98,102
6084,98,102
6085,98,102
6086,98,102
6087,98,102
6088,98,102
6089,98,102
6090,98,102
6091,98,102
6092,98,102
6093,98,102
6094,98,102
6095,98,102
6096,98,102
6097,98,102
6098,98,102
6099,98,102
6100,99,101
6101,99,101
6102,99,101
6103,99,101
6104,99,101
6105,99,101
6106,99,101
6107,99,101
6108,99,101
6109,99,101
6110,99,101
6111,99,101
6112,99,101
6113,99,101
6114,99,101
6115,99,101
6116,99,101
6117,99,101
6118,99,101
6119,99,101
6120,99,101
6121,99,101
6122,99,101
6123,99,101
6124,99,101
6125,99,101
6126,99,101
6127,99,101
6128,99,101
6129,99,101
6130,99,101
6131,99,101
6132,99,101
6133,99,101
6134,99,101
6135,99,101
6136,99,101
6137,99,101
6138,99,101
6139,99,101
6140,99,101
6141,99,101
6142,99,101
6143,99,101
6144,99,101
6145,99,101
6146,99,101
6147,99,101
6148,99,101
6149,99,101
6150,99,101
6151,99,101
6152,99,101
6153,99,101
6154,99,101
6155,99,101
6156,99,101
6157,99,101
6158,99,101
6159,99,101
6160,99,101
6161,99,101
6162,99,101
6163,99,101
6164,99,101
6165,99,101
6166,99,101
6167,99,101
6168,99,101
6169,99,101
6170,99,101
6171,99,101
6172,99,101
6173,99,101
6174,99,101
6175,99,101
6176,99,101
6177,99,101
6178,99,101
6179,99,101
6180,99,101
6181,99,101
6182,99,101
6183,99,101
6184,99,101
6185,99,101
6186,99,101
6187,99,101
6188,99,101
6189,99,101
6190,99,101
6191,99,101
6192,99,101
6193,99,101
6194,99,101
6195,99,101
6196,99,101
6197,99,101
6198,99,101
6199,99,101
6200,100,100
6201,100,100
6202,100,100
6203,100,100
6204,100,100
6205,100,100
6206,100,100
6207,100,100
6208,100,100
6209,100,100
6210,100,100
6211,100,100
6212,100,100
6213,100,100
6214,100,100
6215,100,100
6216,100,100
6217,100,100
6218,100,100
6219,100,100
6220,100,100
6221,100,100
6222,100,100
6223,100,100
6224,100,100
6225,100,100
6226,100,100
6227,100,100
6228,100,100
6229,100,100
6230,100,100
6231,100,100
6232,100,100
6233,100,100
6234,100,100
6235,100,100
6236,100,100
6237,100,100
6238,100,100
6239,100,100
6240,100,100
6241,100,100
6242,100,100
6243,100,100
6244,100,100
6245,100,100
6246,100,100
6247,100,100
6248,100,100
6249,100,100
6250,100,100
6251,100,100
6252,100,100
6253,100,100
6254,100,100
6255,100,100
6256,100,100
6257,100,100
6258,100,100
6259,100,100
6260,100,100
6261,100,100
6262,100,100
6263,100,100
6264,100,100
6265,100,100
6266,100,100
6267,100,100
6268,100,100
6269,100,100
6270,100,100
6271,100,100
6272,100,100
6273,100,100
6274,100,100
6275,100,100
6276,100,100
6277,100,100
6278,100,100
6279,100,100
6280,100,100
6281,100,100
6282,100,100
6283,100,100
6284,100,100
6285,100,100
6286,100,100
6287,100,100
6288,100,100
6289,100,100
6290,100,100
6291,100,100
6292,100,100
6293,100,100
6294,100,100
6295,100,100
6296,100,100
6297,100,100
6298,100,100
6299,100,100
6300,100,100
6301,100,100
6302,100,100
6303,100,100
6304,100,100
6305,100,100
6306,100,100
6307,100,100
6308,100,100
6309,100,100
6310,100,100
6311,100,100
6312,100,100
6313,100,100
6314,100,100
6315,100,100
6316,100,100
6317,100,100
6318,100,100
6319,100,100
6320,100,100
6321,100,100
6322,100,100
6323,100,100
6324,100,100
6325,100,100
6326,100,100
6327,100,100
6328,100,100
6329,100,100
6330,100,100
6331,100,100
6332,100,100
6333,100,100
6334,100,100
6335,100,100
6336,100,100
6337,100,100
6338,100,100
6339,100,100
6340,100,100
6341,100,100
6342,100,100
6343,100,100
6344,100,100
6345,100,100
6346,100,100
6347,100,100
6348,100,100
6349,100,100
6350,100,100
6351,100,100
6352,100,100
6353,100,100
6354,100,100
6355,100,100
6356,100,100
6357,100,100
6358,100,100
6359,100,100
6360,100,100
6361,100,100
6362,100,100
6363,100,100
6364,100,100
6365,100,100
6366,100,100
6367,100,100
6368,100,100
6369,100,100
6370,100,100
6371,100,100
6372,100,100
6373,100,100
6374,100,100
6375,100,100
6376,100,100
6377,100,100
6378,100,100
6379,100,100
6380,100,100
6381,100,100
6382,100,100
6383,100,100
6384,100,100
6385,100,100
6386,100,100
6387,100,100
6388,100,100
6389,100,100
6390,100,100
6391,100,100
6392,100,100
6393,100,100
6394,100,100
6395,100,100
6396,100,100
6397,100,100
6398,100,100
6399,100,100
6400,100,100
6401,100,100
6402,100,100
6403,100,100
6404,100,100
6405,100,100
6406,100,100
6407,100,100
6408,100,100
6409,100,100
6410,100,100
6411,100,100
6412,100,100
6413,100,100
6414,100,100
6415,100,100
6416,100,100
6417,100,100
6418,100,100
6419,100,100
6420,100,100
6421,100,100
6422,100,100
6423,100,100
6424,100,100
6425,100,100
6426,100,100
6427,100,100
6428,100,100
6429,100,100
6430,100,100
6431,100,100
6432,100,100
6433,100,100
6434,100,100
6435,100,100
6436,100,100
6437,100,100
6438,100,100
6439,100,100
6440,100,100
6441,100,100
6442,100,100
6443,100,100
6444,100,100
6445,100,100
6446,100,100
6447,100,100
6448,100,100
6449,100,100
6450,100,100
6451,100,100
6452,100,100
6453,100,100
6454,100,100
6455,100,100
6456,100,100
6457,100,100
6458,100,100
6459,100,100
6460,100,100
6461,100,100
6462,100,100
6463,100,100
6464,100,100
6465,100,100
6466,100,100
6467,100,100
6468,100,100
6469,100,100
6470,100,100
6471,100,100
6472,100,100
6473,100,100
6474,100,100
6475,100,100
6476,100,100
6477,100,100
6478,100,100
6479,100,100
6480,100,100
6481,100,100
6482,100,100
6483,100,100
6484,100,100
6485,100,100
6486,100,100
6487,100,100
6488,100,100
6489,100,100
6490,100,100
6491,100,100
6492,100,100
6493,100,100
6494,100,100
6495,100,100
6496,100,100
6497,100,100
6498,100,100
6499,100,100
6500,100,100
6501,100,100
6502,100,100
6503,100,100
6504,100,100
6505,100,100
6506,100,100
6507,100,100
6508,100,100
6509,100,100
6510,100,100
6511,100,100
6512,100,100
6513,100,100
6514,100,100
6515,100,100
6516,100,100
6517,100,100
6518,100,100
6519,100,100
6520,100,100
6521,100,100
6522,100,100
6523,100,100
6524,100,100
6525,100,100
6526,100,100
6527,100,100
6528,100,100
6529,100,100
6530,100,100
6531,100,100
6532,100,100
6533,100,100
6534,100,100
6535,100,100
6536,100,100
6537,100,100
6538,100,100
6539,100,100
6540,100,100
6541,100,100
6542,100,100
6543,100,100
6544,100,100
6545,100,100
6546,100,100
6547,100,100
6548,100,100
6549,100,100
6550,100,100
6551,100,100
6552,100,100
6553,100,100
6554,100,100
6555,100,100
6556,100,100
6557,100,100
6558,100,100
6559,100,100
6560,100,100
6561,100,100
6562,100,100
6563,100,100
6564,100,100
6565,100,100
6566,100,100
6567,100,100
6568,100,100
6569,100,100
6570,100,100
6571,100,100
6572,100,100
6573,100,100
6574,100,100
6575,100,100
6576,100,100
6577,100,100
6578,100,100
6579,100,100
6580,100,100
6581,100,100
6582,100,100
6583,100,100
6584,100,100
6585,100,100
6586,100,100
6587,100,100
6588,100,100
6589,100,100
6590,100,100
6591,100,100
6592,100,100
6593,100,100
6594,100,100
6595,100,100
6596,100,100
6597,100,100
6598,100,100
6599,100,100
6600,100,100
6601,100,100
6602,100,100
6603,100,100
6604,100,100
6605,100,100
6606,100,100
6607,100,100
6608,100,100
6609,100,100
6610,100,100
6611,100,100
6612,100,100
6613,100,100
6614,100,100
6615,100,100
6616,100,100
6617,100,100
6618,100,100
6619,100,100
6620,100,100
6621,100,100
6622,100,100
6623,100,100
6624,100,100
6625,100,100
6626,100,100
6627,100,100
6628,100,100
6629,100,100
6630,100,100
6631,100,100
6632,100,100
6633,100,100
6634,100,100
6635,100,100
6636,100,100
6637,100,100
6638,100,100
6639,100,100
6640,100,100
6641,100,100
6642,100,100
6643,100,100
6644,100,100
6645,100,100
6646,100,100
6647,100,100
6648,100,100
6649,100,100
6650,100,100
6651,100,100
6652,100,100
6653,100,100
6654,100,100
6655,100,100
6656,100,100
6657,100,100
6658,100,100
6659,100,100
6660,100,100
6661,100,100
6662,100,100
6663,100,100
6664,100,100
6665,100,100
6666,100,100
6667,100,100
6668,100,100
6669,100,100
6670,100,100
6671,100,100
6672,100,100
6673,100,100
6674,100,100
6675,100,100
6676,100,100
6677,100,100
6678,100,100
6679,100,100
6680,100,100
6681,100,100
6682,100,100
6683,100,100
6684,100,100
6685,100,100
6686,100,100
6687,100,100
6688,100,100
6689,100,100
6690,100,100
6691,100,100
6692,100,100
6693,100,100
6694,100,100
6695,100,100
6696,100,100
6697,100,100
6698,100,100
6699,100,100
6700,100,100
6701,100,100
6702,100,100
6703,100,100
6704,100,100
6705,100,100
6706,100,100
6707,100,100
6708,100,100
6709,100,100
6710,100,100
6711,100,100
6712,100,100
6713,100,100
6714,100,100
6715,100,100
6716,100,100
6717,100,100
6718,100,100
6719,100,100
6720,100,100
6721,100,100
6722,100,100
6723,100,100
6724,100,100
6725,100,100
6726,100,100
6727,100,100
6728,100,100
6729,100,100
6730,100,100
6731,100,100
6732,100,100
6733,100,100
6734,100,100
6735,100,100
6736,100,100
6737,100,100
6738,100,100
6739,100,100
6740,100,100
6741,100,100
6742,100,100
6743,100,100
6744,100,100
6745,100,100
6746,100,100
6747,100,100
6748,100,100
6749,100,100
6750,100,100
6751,100,100
6752,100,100
6753,100,100
6754,100,100
6755,100,100
6756,100,100
6757,100,100
6758,100,100
6759,100,100
6760,100,100
6761,100,100
6762,100,100
6763,100,100
6764,100,100
6765,100,100
6766,100,100
6767,100,100
6768,100,100
6769,100,100
6770,100,100
6771,100,100
6772,100,100
6773,100,100
6774,100,100
6775,100,100
6776,100,100
6777,100,100
6778,100,100
6779,100,100
6780,100,100
6781,100,100
6782,100,100
6783,100,100
6784,100,100
6785,100,100
6786,100,100
6787,100,100
6788,100,100
6789,100,100
6790,100,100
6791,100,100
6792,100,100
6793,100,100
6794,100,100
6795,100,100
6796,100,100
6797,100,100
6798,100,100
6799,100,100
6800,100,100
6801,100,100
6802,100,100
6803,100,100
6804,100,100
6805,100,100
6806,100,100
6807,100,100
6808,100,100
6809,100,100
6810,100,100
6811,100,100
6812,100,100
6813,100,100
6814,100,100
6815,100,100
6816,100,100
6817,100,100
6818,100,100
6819,100,100
6820,100,100
6821,100,100
6822,100,100
6823,100,100
6824,100,100
6825,100,100
6826,100,100
6827,100,100
6828,100,100
6829,100,100
6830,100,100
6831,100,100
6832,100,100
6833,100,100
6834,100,100
6835,100,100
6836,100,100
6837,100,100
6838,100,100
6839,100,100
6840,100,100
6841,100,100
6842,100,100
6843,100,100
6844,100,100
6845,100,100
6846,100,100
6847,100,100
6848,100,100
6849,100,100
6850,100,100
6851,100,100
6852,100,100
6853,100,100
6854,100,100
6855,100,100
6856,100,100
6857,100,100
6858,100,100
6859,100,100
6860,100,100
6861,100,100
6862,100,100
6863,100,100
6864,100,100
6865,100,100
6866,100,100
6867,100,100
6868,100,100
6869,100,100
6870,100,100
6871,100,100
6872,100,100
6873,100,100
6874,100,100
6875,100,100
6876,100,100
6877,100,100
6878,100,100
6879,100,100
6880,100,100
6881,100,100
6882,100,100
6883,100,100
6884,100,100
6885,100,100
6886,100,100
6887,100,100
6888,100,100
6889,100,100
6890,100,100
6891,100,100
6892,100,100
6893,100,100
6894,100,100
6895,100,100
6896,100,100
6897,100,100
6898,100,100
6899,100,100
6900,100,100
6901,100,100
6902,100,100
6903,100,100
6904,100,100
6905,100,100
6906,100,100
6907,100,100
6908,100,100
6909,100,100
6910,100,100
6911,100,100
6912,100,100
6913,100,100
6914,100,100
6915,100,100
6916,100,100
6917,100,100
6918,100,100
6919,100,100
6920,100,100
6921,100,100
6922,100,100
6923,100,100
6924,100,100
6925,100,100
6926,100,100
6927,100,100
6928,100,100
6929,100,100
6930,100,100
6931,100,100
6932,100,100
6933,100,100
6934,100,100
6935,100,100
6936,100,100
6937,100,100
6938,100,100
6939,100,100
6940,100,100
6941,100,100
6942,100,100
6943,100,100
6944,100,100
6945,100,100
6946,100,100
6947,100,100
6948,100,100
6949,100,100
6950,100,100
6951,100,100
6952,100,100
6953,100,100
6954,100,100
6955,100,100
6956,100,100
6957,100,100
6958,100,100
6959,100,100
6960,100,100
6961,100,100
6962,100,100
6963,100,100
6964,100,100
6965,100,100
6966,100,100
6967,100,100
6968,100,100
6969,100,100
6970,100,100
6971,100,100
6972,100,100
6973,100,100
6974,100,100
6975,100,100
6976,100,100
6977,100,100
6978,100,100
6979,100,100
6980,100,100
6981,100,100
6982,100,100
6983,100,100
6984,100,100
6985,100,100
6986,100,100
6987,100,100
6988,100,100
6989,100,100
6990,100,100
6991,100,100
6992,100,100
6993,100,100
6994,100,100
6995,100,100
6996,100,100
6997,100,100
6998,100,100
6999,100,100
7000,98,102
7001,98,102
7002,98,102
7003,98,102
7004,98,102
7005,98,102
7006,98,102
7007,98,102
7008,98,102
7009,98,102
7010,98,102
7011,98,102
7012,98,102
7013,98,102
7014,98,102
7015,98,102
7016,98,102
7017,98,102
7018,98,102
7019,98,102
7020,98,102
7021,98,102
7022,98,102
7023,98,102
7024,98,102
7025,98,102
7026,98,102
7027,98,102
7028,98,102
7029,98,102
7030,98,102
7031,98,102
7032,98,102
7033,98,102
7034,98,102
7035,98,102
7036,98,102
7037,98,102
7038,98,102
7039,98,102
7040,98,102
7041,98,102
7042,98,102
7043,98,102
7044,98,102
7045,98,102
7046,98,102
7047,98,102
7048,98,102
7049,98,102
7050,98,102
7051,98,102
7052,98,102
7053,98,102
7054,98,102
7055,98,102
7056,98,102
7057,98,102
7058,98,102
7059,98,102
7060,98,102
7061,98,102
7062,98,102
7063,98,102
7064,98,102
7065,98,102
7066,98,102
7067,98,102
7068,98,102
7069,98,102
7070,98,102
7071,98,102
7072,98,102
7073,98,102
7074,98,102
7075,98,102
7076,98,102
7077,98,102
7078,98,102
7079,98,102
7080,98,102
7081,98,102
7082,98,102
7083,98,102
7084,98,102
7085,98,102
7086,98,102
7087,98,102
7088,98,102
7089,98,102
7090,98,102
7091,98,102
7092,98,102
7093,98,102
7094,98,102
7095,98,102
7096,98,102
7097,98,102
7098,98,102
7099,98,102
7100,99,101
7101,99,101
7102,99,101
7103,99,101
7104,99,101
7105,99,101
7106,99,101
7107,99,101
7108,99,101
7109,99,101
7110,99,101
7111,99,101
7112,99,101
7113,99,101
7114,99,101
7115,99,101
7116,99,101
7117,99,101
7118,99,101
7119,99,101
7120,99,101
7121,99,101
7122,99,101
7123,99,101
7124,99,101
7125,99,101
7126,99,101
7127,99,101
7128,99,101
7129,99,101
7130,99,101
7131,99,101
7132,99,101
7133,99,101
7134,99,101
7135,99,101
7136,99,101
7137,99,101
7138,99,101
7139,99,101
7140,99,101
7141,99,101
7142,99,101
7143,99,101
7144,99,101
7145,99,101
7146,99,101
7147,99,101
7148,99,101
7149,99,101
7150,99,101
7151,99,101
7152,99,101
7153,99,101
7154,99,101
7155,99,101
7156,99,101
7157,99,101
7158,99,101
7159,99,101
7160,99,101
7161,99,101
7162,99,101
7163,99,101
7164,99,101
7165,99,101
7166,99,101
7167,99,101
7168,99,101
7169,99,101
7170,99,101
7171,99,101
7172,99,101
7173,99,101
7174,99,101
7175,99,101
7176,99,101
7177,99,101
7178,99,101
7179,99,101
7180,99,101
7181,99,101
7182,99,101
7183,99,101
7184,99,101
7185,99,101
7186,99,101
7187,99,101
7188,99,101
7189,99,101
7190,99,101
7191,99,101
7192,99,101
7193,99,101
7194,99,101
7195,99,101
7196,99,101
7197,99,101
7198,99,101
7199,99,101
7200,99,101
7201,99,101
7202,99,101
7203,99,101
7204,99,101
7205,99,101
7206,99,101
7207,99,101
7208,99,101
7209,99,101
7210,99,101
7211,99,101
7212,99,101
7213,99,101
7214,99,101
7215,99,101
7216,99,101
7217,99,101
7218,99,101
7219,99,101
7220,99,101
7221,99,101
7222,99,101
7223,99,101
7224,99,101
7225,99,101
7226,99,101
7227,99,101
7228,99,101
7229,99,101
7230,99,101
7231,99,101
7232,99,101
7233,99,101
7234,99,101
7235,99,101
7236,99,101
7237,99,101
7238,99,101
7239,99,101
7240,99,101
7241,99,101
7242,99,101
7243,99,101
7244,99,101
7245,99,101
7246,99,101
7247,99,101
7248,99,101
7249,99,101
7250,99,101
7251,99,101
7252,99,101
7253,99,101
7254,99,101
7255,99,101
7256,99,101
7257,99,101
7258,99,101
7259,99,101
7260,99,101
7261,99,101
7262,99,101
7263,99,101
7264,99,101
7265,99,101
7266,99,101
7267,99,101
7268,99,101
7269,99,101
7270,99,101
7271,99,101
7272,99,101
7273,99,101
7274,99,101
7275,99,101
7276,99,101
7277,99,101
7278,99,101
7279,99,101
7280,99,101
7281,99,101
7282,99,101
7283,99,101
7284,99,101
7285,99,101
7286,99,101
7287,99,101
7288,99,101
7289,99,101
7290,99,101
7291,99,101
7292,99,101
7293,99,101
7294,99,101
7295,99,101
7296,99,101
7297,99,101
7298,99,101
7299,99,101
7300,99,101
7301,99,101
7302,99,101
7303,99,101
7304,99,101
7305,99,101
7306,99,101
7307,99,101
7308,99,101
7309,99,101
7310,99,101
7311,99,101
7312,99,101
7313,99,101
7314,99,101
7315,99,101
7316,99,101
7317,99,101
7318,99,101
7319,99,101
7320,99,101
7321,99,101
7322,99,101
7323,99,101
7324,99,101
7325,99,101
7326,99,101
7327,99,101
7328,99,101
7329,99,101
7330,99,101
7331,99,101
7332,99,101
7333,99,101
7334,99,101
7335,99,101
7336,99,101
7337,99,101
7338,99,101
7339,99,101
7340,99,101
7341,99,101
7342,99,101
7343,99,101
7344,99,101
7345,99,101
7346,99,101
7347,99,101
7348,99,101
7349,99,101
7350,99,101
7351,99,101
7352,99,101
7353,99,101
7354,99,101
7355,99,101
7356,99,101
7357,99,101
7358,99,101
7359,99,101
7360,99,101
7361,99,101
7362,99,101
7363,99,101
7364,99,101
7365,99,101
7366,99,101
7367,99,101
7368,99,101
7369,99,101
7370,99,101
7371,99,101
7372,99,101
7373,99,101
7374,99,101
7375,99,101
7376,99,101
7377,99,101
7378,99,101
7379,99,101
7380,99,101
7381,99,101
7382,99,101
7383,99,101
7384,99,101
7385,99,101
7386,99,101
7387,99,101
7388,99,101
7389,99,101
7390,99,101
7391,99,101
7392,99,101
7393,99,101
7394,99,101
7395,99,101
7396,99,101
7397,99,101
7398,99,101
7399,99,101
7400,99,101
7401,99,101
7402,99,101
7403,99,101
7404,99,101
7405,99,101
7406,99,101
7407,99,101
7408,99,101
7409,99,101
7410,99,101
7411,99,101
7412,99,101
7413,99,101
7414,99,101
7415,99,101
7416,99,101
7417,99,101
7418,99,101
7419,99,101
7420,99,101
7421,99,101
7422,99,101
7423,99,101
7424,99,101
7425,99,101
7426,99,101
7427,99,101
7428,99,101
7429,99,101
7430,99,101
7431,99,101
7432,99,101
7433,99,101
7434,99,101
7435,99,101
7436,99,101
7437,99,101
7438,99,101
7439,99,101
7440,99,101
7441,99,101
7442,99,101
7443,99,101
7444,99,101
7445,99,101
7446,99,101
7447,99,101
7448,99,101
7449,99,101
7450,99,101
7451,99,101
7452,99,101
7453,99,101
7454,99,101
7455,99,101
7456,99,101
7457,99,101
7458,99,101
7459,99,101
7460,99,101
7461,99,101
7462,99,101
7463,99,101
7464,99,101
7465,99,101
7466,99,101
7467,99,101
7468,99,101
7469,99,101
7470,99,101
7471,99,101
7472,99,101
7473,99,101
7474,99,101
7475,99,101
7476,99,101
7477,99,101
7478,99,101
7479,99,101
7480,99,101
7481,99,101
7482,99,101
7483,99,101
7484,99,101
7485,99,101
7486,99,101
7487,99,101
7488,99,101
7489,99,101
7490,99,101
7491,99,101
7492,99,101
7493,99,101
7494,99,101
7495,99,101
7496,99,101
7497,99,101
7498,99,101
7499,99,101
7500,99,101
7501,99,101
7502,99,101
7503,99,101
7504,99,101
7505,99,101
7506,99,101
7507,99,101
7508,99,101
7509,99,101
7510,99,101
7511,99,101
7512,99,101
7513,99,101
7514,99,101
7515,99,101
7516,99,101
7517,99,101
7518,99,101
7519,99,101
7520,99,101
7521,99,101
7522,99,101
7523,99,101
7524,99,101
7525,99,101
7526,99,101
7527,99,101
7528,99,101
7529,99,101
7530,99,101
7531,99,101
7532,99,101
7533,99,101
7534,99,101
7535,99,101
7536,99,101
7537,99,101
7538,99,101
7539,99,101
7540,99,101
7541,99,101
7542,99,101
7543,99,101
7544,99,101
7545,99,101
7546,99,101
7547,99,101
7548,99,101
7549,99,101
7550,99,101
7551,99,101
7552,99,101
7553,99,101
7554,99,101
7555,99,101
7556,99,101
7557,99,101
7558,99,101
7559,99,101
7560,99,101
7561,99,101
7562,99,101
7563,99,101
7564,99,101
7565,99,101
7566,99,101
7567,99,101
7568,99,101
7569,99,101
7570,99,101
7571,99,101
7572,99,101
7573,99,101
7574,99,101
7575,99,101
7576,99,101
7577,99,101
7578,99,101
7579,99,101
7580,99,101
7581,99,101
7582,99,101
7583,99,101
7584,99,101
7585,99,101
7586,99,101
7587,99,101
7588,99,101
7589,99,101
7590,99,101
7591,99,101
7592,99,101
7593,99,101
7594,99,101
7595,99,101
7596,99,101
7597,99,101
7598,99,101
7599,99,101
7600,99,101
7601,99,101
7602,99,101
7603,99,101
7604,99,101
7605,99,101
7606,99,101
7607,99,101
7608,99,101
7609,99,101
7610,99,101
7611,99,101
7612,99,101
7613,99,101
7614,99,101
7615,99,101
7616,99,101
7617,99,101
7618,99,101
7619,99,101
7620,99,101
7621,99,101
7622,99,101
7623,99,101
7624,99,101
7625,99,101
7626,99,101
7627,99,101
7628,99,101
7629,99,101
7630,99,101
7631,99,101
7632,99,101
7633,99,101
7634,99,101
7635,99,101
7636,99,101
7637,99,101
7638,99,101
7639,99,101
7640,99,101
7641,99,101
7642,99,101
7643,99,101
7644,99,101
7645,99,101
7646,99,101
7647,99,101
7648,99,101
7649,99,101
7650,99,101
7651,99,101
7652,99,101
7653,99,101
7654,99,101
7655,99,101
7656,99,101
7657,99,101
7658,99,101
7659,99,101
7660,99,101
7661,99,101
7662,99,101
7663,99,101
7664,99,101
7665,99,101
7666,99,101
7667,99,101
7668,99,101
7669,99,101
7670,99,101
7671,99,101
7672,99,101
7673,99,101
7674,99,101
7675,99,101
7676,99,101
7677,99,101
7678,99,101
7679,99,101
7680,99,101
7681,99,101
7682,99,101
7683,99,101
7684,99,101
7685,99,101
7686,99,101
7687,99,101
7688,99,101
7689,99,101
7690,99,101
7691,99,101
7692,99,101
7693,99,101
7694,99,101
7695,99,101
7696,99,101
7697,99,101
7698,99,101
7699,99,101
7700,99,101
7701,99,101
7702,99,101
7703,99,101
7704,99,101
7705,99,101
7706,99,101
7707,99,101
7708,99,101
7709,99,101
7710,99,101
7711,99,101
7712,99,101
7713,99,101
7714,99,101
7715,99,101
7716,99,101
7717,99,101
7718,99,101
7719,99,101
7720,99,101
7721,99,101
7722,99,101
7723,99,101
7724,99,101
7725,99,101
7726,99,101
7727,99,101
7728,99,101
7729,99,101
7730,99,101
7731,99,101
7732,99,101
7733,99,101
7734,99,101
7735,99,101
7736,99,101
7737,99,101
7738,99,101
7739,99,101
7740,99,101
7741,99,101
7742,99,101
7743,99,101
7744,99,101
7745,99,101
7746,99,101
7747,99,101
7748,99,101
7749,99,101
7750,99,101
7751,99,101
7752,99,101
7753,99,101
7754,99,101
7755,99,101
7756,99,101
7757,99,101
7758,99,101
7759,99,101
7760,99,101
7761,99,101
7762,99,101
7763,99,101
7764,99,101
7765,99,101
7766,99,101
7767,99,101
7768,99,101
7769,99,101
7770,99,101
7771,99,101
7772,99,101
7773,99,101
7774,99,101
7775,99,101
7776,99,101
7777,99,101
7778,99,101
7779,99,101
7780,99,101
7781,99,101
7782,99,101
7783,99,101
7784,99,101
7785,99,101
7786,99,101
7787,99,101
7788,99,101
7789,99,101
7790,99,101
7791,99,101
7792,99,101
7793,99,101
7794,99,101
7795,99,101
7796,99,101
7797,99,101
7798,99,101
7799,99,101
7800,99,101
7801,99,101
7802,99,101
7803,99,101
7804,99,101
7805,99,101
7806,99,101
7807,99,101
7808,99,101
7809,99,101
7810,99,101
7811,99,101
7812,99,101
7813,99,101
7814,99,101
7815,99,101
7816,99,101
7817,99,101
7818,99,101
7819,99,101
7820,99,101
7821,99,101
7822,99,101
7823,99,101
7824,99,101
7825,99,101
7826,99,101
7827,99,101
7828,99,101
7829,99,101
7830,99,101
7831,99,101
7832,99,101
7833,99,101
7834,99,101
7835,99,101
7836,99,101
7837,99,101
7838,99,101
7839,99,101
7840,99,101
7841,99,101
7842,99,101
7843,99,101
7844,99,101
7845,99,101
7846,99,101
7847,99,101
7848,99,101
7849,99,101
7850,99,101
7851,99,101
7852,99,101
7853,99,101
7854,99,101
7855,99,101
7856,99,101
7857,99,101
7858,99,101
7859,99,101
7860,99,101
7861,99,101
7862,99,101
7863,99,101
7864,99,101
7865,99,101
7866,99,101
7867,99,101
7868,99,101
7869,99,101
7870,99,101
7871,99,101
7872,99,101
7873,99,101
7874,99,101
7875,99,101
7876,99,101
7877,99,101
7878,99,101
7879,99,101
7880,99,101
7881,99,101
7882,99,101
7883,99,101
7884,99,101
7885,99,101
7886,99,101
7887,99,101
7888,99,101
7889,99,101
7890,99,101
7891,99,101
7892,99,101
7893,99,101
7894,99,101
7895,99,101
7896,99,101
7897,99,101
7898,99,101
7899,99,101
7900,99,101
7901,99,101
7902,99,101
7903,99,101
7904,99,101
7905,99,101
7906,99,101
7907,99,101
7908,99,101
7909,99,101
7910,99,101
7911,99,101
7912,99,101
7913,99,101
7914,99,101
7915,99,101
7916,99,101
7917,99,101
7918,99,101
7919,99,101
7920,99,101
7921,99,101
7922,99,101
7923,99,101
7924,99,101
7925,99,101
7926,99,101
7927,99,101
7928,99,101
7929,99,101
7930,99,101
7931,99,101
7932,99,101
7933,99,101
7934,99,101
7935,99,101
7936,99,101
7937,99,101
7938,99,101
7939,99,101
7940,99,101
7941,99,101
7942,99,101
7943,99,101
7944,99,101
7945,99,101
7946,99,101
7947,99,101
7948,99,101
7949,99,101
7950,99,101
7951,99,101
7952,99,101
7953,99,101
7954,99,101
7955,99,101
7956,99,101
7957,99,101
7958,99,101
7959,99,101
7960,99,101
7961,99,101
7962,99,101
7963,99,101
7964,99,101
7965,99,101
7966,99,101
7967,99,101
7968,99,101
7969,99,101
7970,99,101
7971,99,101
7972,99,101
7973,99,101
7974,99,101
7975,99,101
7976,99,101
7977,99,101
7978,99,101
7979,99,101
7980,99,101
7981,99,101
7982,99,101
7983,99,101
7984,99,101
7985,99,101
7986,99,101
7987,99,101
7988,99,101
7989,99,101
7990,99,101
7991,99,101
7992,99,101
7993,99,101
7994,99,101
7995,99,101
7996,99,101
7997,99,101
7998,99,101
7999,99,101
8000,99,101
8001,99,101
8002,99,101
8003,99,101
8004,99,101
8005,99,101
8006,99,101
8007,99,101
8008,99,101
8009,99,101
8010,99,101
8011,99,101
8012,99,101
8013,99,101
8014,99,101
8015,99,101
8016,99,101
8017,99,101
8018,99,101
8019,99,101
8020,99,101
8021,99,101
8022,99,101
8023,99,101
8024,99,101
8025,99,101
8026,99,101
8027,99,101
8028,99,101
8029,99,101
8030,99,101
8031,99,101
8032,99,101
8033,99,101
8034,99,101
8035,99,101
8036,99,101
8037,99,101
8038,99,101
8039,99,101
8040,99,101
8041,99,101
8042,99,101
8043,99,101
8044,99,101
8045,99,101
8046,99,101
8047,99,101
8048,99,101
8049,99,101
8050,99,101
8051,99,101
8052,99,101
8053,99,101
8054,99,101
8055,99,101
8056,99,101
8057,99,101
8058,99,101
8059,99,101
8060,99,101
8061,99,101
8062,99,101
8063,99,101
8064,99,101
8065,99,101
8066,99,101
8067,99,101
8068,99,101
8069,99,101
8070,99,101
8071,99,101
8072,99,101
8073,99,101
8074,99,101
8075,99,101
8076,99,101
8077,99,101
8078,99,101
8079,99,101
8080,99,101
8081,99,101
8082,99,101
8083,99,101
8084,99,101
8085,99,101
8086,99,101
8087,99,101
8088,99,101
8089,99,101
8090,99,101
8091,99,101
8092,99,101
8093,99,101
8094,99,101
8095,99,101
8096,99,101
8097,99,101
8098,99,101
8099,99,101
8100,100,100
8101,100,100
8102,100,100
8103,100,100
8104,100,100
8105,100,100
8106,100,100
8107,100,100
8108,100,100
8109,100,100
8110,100,100
8111,100,100
8112,100,100
8113,100,100
8114,100,100
8115,100,100
8116,100,100
8117,100,100
8118,100,100
8119,100,100
8120,100,100
8121,100,100
8122,100,100
8123,100,100
8124,100,100
8125,100,100
8126,100,100
8127,100,100
8128,100,100
8129,100,100
8130,100,100
8131,100,100
8132,100,100
8133,100,100
8134,100,100
8135,100,100
8136,100,100
8137,100,100
8138,100,100
8139,100,100
8140,100,100
8141,100,100
8142,100,100
8143,100,100
8144,100,100
8145,100,100
8146,100,100
8147,100,100
8148,100,100
8149,100,100
8150,100,100
8151,100,100
8152,100,100
8153,100,100
8154,100,100
8155,100,100
8156,100,100
8157,100,100
8158,100,100
8159,100,100
8160,100,100
8161,100,100
8162,100,100
8163,100,100
8164,100,100
8165,100,100
8166,100,100
8167,100,100
8168,100,100
8169,100,100
8170,100,100
8171,100,100
8172,100,100
8173,100,100
8174,100,100
8175,100,100
8176,100,100
8177,100,100
8178,100,100
8179,100,100
8180,100,100
8181,100,100
8182,100,100
8183,100,100
8184,100,100
8185,100,100
8186,100,100
8187,100,100
8188,100,100
8189,100,100
8190,100,100
8191,100,100
8192,100,100
8193,100,100
8194,100,100
8195,100,100
8196,100,100
8197,100,100
8198,100,100
8199,100,100
8200,99,101
8201,99,101
8202,99,101
8203,99,101
8204,99,101
8205,99,101
8206,99,101
8207,99,101
8208,99,101
8209,99,101
8210,99,101
8211,99,101
8212,99,101
8213,99,101
8214,99,101
8215,99,101
8216,99,101
8217,99,101
8218,99,101
8219,99,101
8220,99,101
8221,99,101
8222,99,101
8223,99,101
8224,99,101
8225,99,101
8226,99,101
8227,99,101
8228,99,101
8229,99,101
8230,99,101
8231,99,101
8232,99,101
8233,99,101
8234,99,101
8235,99,101
8236,99,101
8237,99,101
8238,99,101
8239,99,101
8240,99,101
8241,99,101
8242,99,101
8243,99,101
8244,99,101
8245,99,101
8246,99,101
8247,99,101
8248,99,101
8249,99,101
8250,99,101
8251,99,101
8252,99,101
8253,99,101
8254,99,101
8255,99,101
8256,99,101
8257,99,101
8258,99,101
8259,99,101
8260,99,101
8261,99,101
8262,99,101
8263,99,101
8264,99,101
8265,99,101
8266,99,101
8267,99,101
8268,99,101
8269,99,101
8270,99,101
8271,99,101
8272,99,101
8273,99,101
8274,99,101
8275,99,101
8276,99,101
8277,99,101
8278,99,101
8279,99,101
8280,99,101
8281,99,101
8282,99,101
8283,99,101
8284,99,101
8285,99,101
8286,99,101
8287,99,101
8288,99,101
8289,99,101
8290,99,101
8291,99,101
8292,99,101
8293,99,101
8294,99,101
8295,99,101
8296,99,101
8297,99,101
8298,99,101
8299,99,101
8300,99,101
8301,99,101
8302,99,101
8303,99,101
8304,99,101
8305,99,101
8306,99,101
8307,99,101
8308,99,101
8309,99,101
8310,99,101
8311,99,101
8312,99,101
8313,99,101
8314,99,101
8315,99,101
8316,99,101
8317,99,101
8318,99,101
8319,99,101
8320,99,101
8321,99,101
8322,99,101
8323,99,101
8324,99,101
8325,99,101
8326,99,101
8327,99,101
8328,99,101
8329,99,101
8330,99,101
8331,99,101
8332,99,101
8333,99,101
8334,99,101
8335,99,101
8336,99,101
8337,99,101
8338,99,101
8339,99,101
8340,99,101
8341,99,101
8342,99,101
8343,99,101
8344,99,101
8345,99,101
8346,99,101
8347,99,101
8348,99,101
8349,99,101
8350,99,101
8351,99,101
8352,99,101
8353,99,101
8354,99,101
8355,99,101
8356,99,101
8357,99,101
8358,99,101
8359,99,101
8360,99,101
8361,99,101
8362,99,101
8363,99,101
8364,99,101
8365,99,101
8366,99,101
8367,99,101
8368,99,101
8369,99,101
8370,99,101
8371,99,101
8372,99,101
8373,99,101
8374,99,101
8375,99,101
8376,99,101
8377,99,101
8378,99,101
8379,99,101
8380,99,101
8381,99,101
8382,99,101
8383,99,101
8384,99,101
8385,99,101
8386,99,101
8387,99,101
8388,99,101
8389,99,101
8390,99,101
8391,99,101
8392,99,101
8393,99,101
8394,99,101
8395,99,101
8396,99,101
8397,99,101
8398,99,101
8399,99,101
8400,100,100
8401,100,100
8402,100,100
8403,100,100
8404,100,100
8405,100,100
8406,100,100
8407,100,100
8408,100,100
8409,100,100
8410,100,100
8411,100,100
8412,100,100
8413,100,100
8414,100,100
8415,100,100
8416,100,100
8417,100,100
8418,100,100
8419,100,100
8420,100,100
8421,100,100
8422,100,100
8423,100,100
8424,100,100
8425,100,100
8426,100,100
8427,100,100
8428,100,100
8429,100,100
8430,100,100
8431,100,100
8432,100,100
8433,100,100
8434,100,100
8435,100,100
8436,100,100
8437,100,100
8438,100,100
8439,100,100
8440,100,100
8441,100,100
8442,100,100
8443,100,100
8444,100,100
8445,100,100
8446,100,100
8447,100,100
8448,100,100
8449,100,100
8450,100,100
8451,100,100
8452,100,100
8453,100,100
8454,100,100
8455,100,100
8456,100,100
8457,100,100
8458,100,100
8459,100,100
8460,100,100
8461,100,100
8462,100,100
8463,100,100
8464,100,100
8465,100,100
8466,100,100
8467,100,100
8468,100,100
8469,100,100
8470,100,100
8471,100,100
8472,100,100
8473,100,100
8474,100,100
8475,100,100
8476,100,100
8477,100,100
8478,100,100
8479,100,100
8480,100,100
8481,100,100
8482,100,100
8483,100,100
8484,100,100
8485,100,100
8486,100,100
8487,100,100
8488,100,100
8489,100,100
8490,100,100
8491,100,100
8492,100,100
8493,100,100
8494,100,100
8495,100,100
8496,100,100
8497,100,100
8498,100,100
8499,100,100
8500,100,100
8501,100,100
8502,100,100
8503,100,100
8504,100,100
8505,100,100
8506,100,100
8507,100,100
8508,100,100
8509,100,100
8510,100,100
8511,100,100
8512,100,100
8513,100,100
8514,100,100
8515,100,100
8516,100,100
8517,100,100
8518,100,100
8519,100,100
8520,100,100
8521,100,100
8522,100,100
8523,100,100
8524,100,100
8525,100,100
8526,100,100
8527,100,100
8528,100,100
8529,100,100
8530,100,100
8531,100,100
8532,100,100
8533,100,100
8534,100,100
8535,100,100
8536,100,100
8537,100,100
8538,100,100
8539,100,100
8540,100,100
8541,100,100
8542,100,100
8543,100,100
8544,100,100
8545,100,100
8546,100,100
8547,100,100
8548,100,100
8549,100,100
8550,100,100
8551,100,100
8552,100,100
8553,100,100
8554,100,100
8555,100,100
8556,100,100
8557,100,100
8558,100,100
8559,100,100
8560,100,100
8561,100,100
8562,100,100
8563,100,100
8564,100,100
8565,100,100
8566,100,100
8567,100,100
8568,100,100
8569,100,100
8570,100,100
8571,100,100
8572,100,100
8573,100,100
8574,100,100
8575,100,100
8576,100,100
8577,100,100
8578,100,100
8579,100,100
8580,100,100
8581,100,100
8582,100,100
8583,100,100
8584,100,100
8585,100,100
8586,100,100
8587,100,100
8588,100,100
8589,100,100
8590,100,100
8591,100,100
8592,100,100
8593,100,100
8594,100,100
8595,100,100
8596,100,100
8597,100,100
8598,100,100
8599,100,100
8600,99,101
8601,99,101
8602,99,101
8603,99,101
8604,99,101
8605,99,101
8606,99,101
8607,99,101
8608,99,101
8609,99,101
8610,99,101
8611,99,101
8612,99,101
8613,99,101
8614,99,101
8615,99,101
8616,99,101
8617,99,101
8618,99,101
8619,99,101
8620,99,101
8621,99,101
8622,99,101
8623,99,101
8624,99,101
8625,99,101
8626,99,101
8627,99,101
8628,99,101
8629,99,101
8630,99,101
8631,99,101
8632,99,101
8633,99,101
8634,99,101
8635,99,101
8636,99,101
8637,99,101
8638,99,101
8639,99,101
8640,99,101
8641,99,101
8642,99,101
8643,99,101
8644,99,101
8645,99,101
8646,99,101
8647,99,101
8648,99,101
8649,99,101
8650,99,101
8651,99,101
8652,99,101
8653,99,101
8654,99,101
8655,99,101
8656,99,101
8657,99,101
8658,99,101
8659,99,101
8660,99,101
8661,99,101
8662,99,101
8663,99,101
8664,99,101
8665,99,101
8666,99,101
8667,99,101
8668,99,101
8669,99,101
8670,99,101
8671,99,101
8672,99,101
8673,99,101
8674,99,101
8675,99,101
8676,99,101
8677,99,101
8678,99,101
8679,99,101
8680,99,101
8681,99,101
8682,99,101
8683,99,101
8684,99,101
8685,99,101
8686,99,101
8687,99,101
8688,99,101
8689,99,101
8690,99,101
8691,99,101
8692,99,101
8693,99,101
8694,99,101
8695,99,101
8696,99,101
8697,99,101
8698,99,101
8699,99,101
8700,99,101
8701,99,101
8702,99,101
8703,99,101
8704,99,101
8705,99,101
8706,99,101
8707,99,101
8708,99,101
8709,99,101
8710,99,101
8711,99,101
8712,99,101
8713,99,101
8714,99,101
8715,99,101
8716,99,101
8717,99,101
8718,99,101
8719,99,101
8720,99,101
8721,99,101
8722,99,101
8723,99,101
8724,99,101
8725,99,101
8726,99,101
8727,99,101
8728,99,101
8729,99,101
8730,99,101
8731,99,101
8732,99,101
8733,99,101
8734,99,101
8735,99,101
8736,99,101
8737,99,101
8738,99,101
8739,99,101
8740,99,101
8741,99,101
8742,99,101
8743,99,101
8744,99,101
8745,99,101
8746,99,101
8747,99,101
8748,99,101
8749,99,101
8750,99,101
8751,99,101
8752,99,101
8753,99,101
8754,99,101
8755,99,101
8756,99,101
8757,99,101
8758,99,101
8759,99,101
8760,99,101
8761,99,101
8762,99,101
8763,99,101
8764,99,101
8765,99,101
8766,99,101
8767,99,101
8768,99,101
8769,99,101
8770,99,101
8771,99,101
8772,99,101
8773,99,101
8774,99,101
8775,99,101
8776,99,101
8777,99,101
8778,99,101
8779,99,101
8780,99,101
8781,99,101
8782,99,101
8783,99,101
8784,99,101
8785,99,101
8786,99,101
8787,99,101
8788,99,101
8789,99,101
8790,99,101
8791,99,101
8792,99,101
8793,99,101
8794,99,101
8795,99,101
8796,99,101
8797,99,101
8798,99,101
8799,99,101
8800,99,101
8801,99,101
8802,99,101
8803,99,101
8804,99,101
8805,99,101
8806,99,101
8807,99,101
8808,99,101
8809,99,101
8810,99,101
8811,99,101
8812,99,101
8813,99,101
8814,99,101
8815,99,101
8816,99,101
8817,99,101
8818,99,101
8819,99,101
8820,99,101
8821,99,101
8822,99,101
8823,99,101
8824,99,101
8825,99,101
8826,99,101
8827,99,101
8828,99,101
8829,99,101
8830,99,101
8831,99,101
8832,99,101
8833,99,101
8834,99,101
8835,99,101
8836,99,101
8837,99,101
8838,99,101
8839,99,101
8840,99,101
8841,99,101
8842,99,101
8843,99,101
8844,99,101
8845,99,101
8846,99,101
8847,99,101
8848,99,101
8849,99,101
8850,99,101
8851,99,101
8852,99,101
8853,99,101
8854,99,101
8855,99,101
8856,99,101
8857,99,101
8858,99,101
8859,99,101
8860,99,101
8861,99,101
8862,99,101
8863,99,101
8864,99,101
8865,99,101
8866,99,101
8867,99,101
8868,99,101
8869,99,101
8870,99,101
8871,99,101
8872,99,101
8873,99,101
8874,99,101
8875,99,101
8876,99,101
8877,99,101
8878,99,101
8879,99,101
8880,99,101
8881,99,101
8882,99,101
8883,99,101
8884,99,101
8885,99,101
8886,99,101
8887,99,101
8888,99,101
8889,99,101
8890,99,101
8891,99,101
8892,99,101
8893,99,101
8894,99,101
8895,99,101
8896,99,101
8897,99,101
8898,99,101
8899,99,101
8900,99,101
8901,99,101
8902,99,101
8903,99,101
8904,99,101
8905,99,101
8906,99,101
8907,99,101
8908,99,101
8909,99,101
8910,99,101
8911,99,101
8912,99,101
8913,99,101
8914,99,101
8915,99,101
8916,99,101
8917,99,101
8918,99,101
8919,99,101
8920,99,101
8921,99,101
8922,99,101
8923,99,101
8924,99,101
8925,99,101
8926,99,101
8927,99,101
8928,99,101
8929,99,101
8930,99,101
8931,99,101
8932,99,101
8933,99,101
8934,99,101
8935,99,101
8936,99,101
8937,99,101
8938,99,101
8939,99,101
8940,99,101
8941,99,101
8942,99,101
8943,99,101
8944,99,101
8945,99,101
8946,99,101
8947,99,101
8948,99,101
8949,99,101
8950,99,101
8951,99,101
8952,99,101
8953,99,101
8954,99,101
8955,99,101
8956,99,101
8957,99,101
8958,99,101
8959,99,101
8960,99,101
8961,99,101
8962,99,101
8963,99,101
8964,99,101
8965,99,101
8966,99,101
8967,99,101
8968,99,101
8969,99,101
8970,99,101
8971,99,101
8972,99,101
8973,99,101
8974,99,101
8975,99,101
8976,99,101
8977,99,101
8978,99,101
8979,99,101
8980,99,101
8981,99,101
8982,99,101
8983,99,101
8984,99,101
8985,99,101
8986,99,101
8987,99,101
8988,99,101
8989,99,101
8990,99,101
8991,99,101
8992,99,101
8993,99,101
8994,99,101
8995,99,101
8996,99,101
8997,99,101
8998,99,101
8999,99,101
9000,99,101
9001,99,101
9002,99,101
9003,99,101
9004,99,101
9005,99,101
9006,99,101
9007,99,101
9008,99,101
9009,99,101
9010,99,101
9011,99,101
9012,99,101
9013,99,101
9014,99,101
9015,99,101
9016,99,101
9017,99,101
9018,99,101
9019,99,101
9020,99,101
9021,99,101
9022,99,101
9023,99,101
9024,99,101
9025,99,101
9026,99,101
9027,99,101
9028,99,101
9029,99,101
9030,99,101
9031,99,101
9032,99,101
9033,99,101
9034,99,101
9035,99,101
9036,99,101
9037,99,101
9038,99,101
9039,99,101
9040,99,101
9041,99,101
9042,99,101
9043,99,101
9044,99,101
9045,99,101
9046,99,101
9047,99,101
9048,99,101
9049,99,101
9050,99,101
9051,99,101
9052,99,101
9053,99,101
9054,99,101
9055,99,101
9056,99,101
9057,99,101
9058,99,101
9059,99,101
9060,99,101
9061,99,101
9062,99,101
9063,99,101
9064,99,101
9065,99,101
9066,99,101
9067,99,101
9068,99,101
9069,99,101
9070,99,101
9071,99,101
9072,99,101
9073,99,101
9074,99,101
9075,99,101
9076,99,101
9077,99,101
9078,99,101
9079,99,101
9080,99,101
9081,99,101
9082,99,101
9083,99,101
9084,99,101
9085,99,101
9086,99,101
9087,99,101
9088,99,101
9089,99,101
9090,99,101
9091,99,101
9092,99,101
9093,99,101
9094,99,101
9095,99,101
9096,99,101
9097,99,101
9098,99,101
9099,99,101
9100,99,101
9101,99,101
9102,99,101
9103,99,101
9104,99,101
9105,99,101
9106,99,101
9107,99,101
9108,99,101
9109,99,101
9110,99,101
9111,99,101
9112,99,101
9113,99,101
9114,99,101
9115,99,101
9116,99,101
9117,99,101
9118,99,101
9119,99,101
9120,99,101
9121,99,101
9122,99,101
9123,99,101
9124,99,101
9125,99,101
9126,99,101
9127,99,101
9128,99,101
9129,99,101
9130,99,101
9131,99,101
9132,99,101
9133,99,101
9134,99,101
9135,99,101
9136,99,101
9137,99,101
9138,99,101
9139,99,101
9140,99,101
9141,99,101
9142,99,101
9143,99,101
9144,99,101
9145,99,101
9146,99,101
9147,99,101
9148,99,101
9149,99,101
9150,99,101
9151,99,101
9152,99,101
9153,99,101
9154,99,101
9155,99,101
9156,99,101
9157,99,101
9158,99,101
9159,99,101
9160,99,101
9161,99,101
9162,99,101
9163,99,101
9164,99,101
9165,99,101
9166,99,101
9167,99,101
9168,99,101
9169,99,101
9170,99,101
9171,99,101
9172,99,101
9173,99,101
9174,99,101
9175,99,101
9176,99,101
9177,99,101
9178,99,101
9179,99,101
9180,99,101
9181,99,101
9182,99,101
9183,99,101
9184,99,101
9185,99,101
9186,99,101
9187,99,101
9188,99,101
9189,99,101
9190,99,101
9191,99,101
9192,99,101
9193,99,101
9194,99,101
9195,99,101
9196,99,101
9197,99,101
9198,99,101
9199,99,101
9200,99,101
9201,99,101
9202,99,101
9203,99,101
9204,99,101
9205,99,101
9206,99,101
9207,99,101
9208,99,101
9209,99,101
9210,99,101
9211,99,101
9212,99,101
9213,99,101
9214,99,101
9215,99,101
9216,99,101
9217,99,101
9218,99,101
9219,99,101
9220,99,101
9221,99,101
9222,99,101
9223,99,101
9224,99,101
9225,99,101
9226,99,101
9227,99,101
9228,99,101
9229,99,101
9230,99,101
9231,99,101
9232,99,101
9233,99,101
9234,99,101
9235,99,101
9236,99,101
9237,99,101
9238,99,101
9239,99,101
9240,99,101
9241,99,101
9242,99,101
9243,99,101
9244,99,101
9245,99,101
9246,99,101
9247,99,101
9248,99,101
9249,99,101
9250,99,101
9251,99,101
9252,99,101
9253,99,101
9254,99,101
9255,99,101
9256,99,101
9257,99,101
9258,99,101
9259,99,101
9260,99,101
9261,99,101
9262,99,101
9263,99,101
9264,99,101
9265,99,101
9266,99,101
9267,99,101
9268,99,101
9269,99,101
9270,99,101
9271,99,101
9272,99,101
9273,99,101
9274,99,101
9275,99,101
9276,99,101
9277,99,101
9278,99,101
9279,99,101
9280,99,101
9281,99,101
9282,99,101
9283,99,101
9284,99,101
9285,99,101
9286,99,101
9287,99,101
9288,99,101
9289,99,101
9290,99,101
9291,99,101
9292,99,101
9293,99,101
9294,99,101
9295,99,101
9296,99,101
9297,99,101
9298,99,101
9299,99,101
9300,100,100
9301,100,100
9302,100,100
9303,100,100
9304,100,100
9305,100,100
9306,100,100
9307,100,100
9308,100,100
9309,100,100
9310,100,100
9311,100,100
9312,100,100
9313,100,100
9314,100,100
9315,100,100
9316,100,100
9317,100,100
9318,100,100
9319,100,100
9320,100,100
9321,100,100
9322,100,100
9323,100,100
9324,100,100
9325,100,100
9326,100,100
9327,100,100
9328,100,100
9329,100,100
9330,100,100
9331,100,100
9332,100,100
9333,100,100
9334,100,100
9335,100,100
9336,100,100
9337,100,100
9338,100,100
9339,100,100
9340,100,100
9341,100,100
9342,100,100
9343,100,100
9344,100,100
9345,100,100
9346,100,100
9347,100,100
9348,100,100
9349,100,100
9350,100,100
9351,100,100
9352,100,100
9353,100,100
9354,100,100
9355,100,100
9356,100,100
9357,100,100
9358,100,100
9359,100,100
9360,100,100
9361,100,100
9362,100,100
9363,100,100
9364,100,100
9365,100,100
9366,100,100
9367,100,100
9368,100,100
9369,100,100
9370,100,100
9371,100,100
9372,100,100
9373,100,100
9374,100,100
9375,100,100
9376,100,100
9377,100,100
9378,100,100
9379,100,100
9380,100,100
9381,100,100
9382,100,100
9383,100,100
9384,100,100
9385,100,100
9386,100,100
9387,100,100
9388,100,100
9389,100,100
9390,100,100
9391,100,100
9392,100,100
9393,100,100
9394,100,100
9395,100,100
9396,100,100
9397,100,100
9398,100,100
9399,100,100
9400,99,101
9401,99,101
9402,99,101
9403,99,101
9404,99,101
9405,99,101
9406,99,101
9407,99,101
9408,99,101
9409,99,101
9410,99,101
9411,99,101
9412,99,101
9413,99,101
9414,99,101
9415,99,101
9416,99,101
9417,99,101
9418,99,101
9419,99,101
9420,99,101
9421,99,101
9422,99,101
9423,99,101
9424,99,101
9425,99,101
9426,99,101
9427,99,101
9428,99,101
9429,99,101
9430,99,101
9431,99,101
9432,99,101
9433,99,101
9434,99,101
9435,99,101
9436,99,101
9437,99,101
9438,99,101
9439,99,101
9440,99,101
9441,99,101
9442,99,101
9443,99,101
9444,99,101
9445,99,101
9446,99,101
9447,99,101
9448,99,101
9449,99,101
9450,99,101
9451,99,101
9452,99,101
9453,99,101
9454,99,101
9455,99,101
9456,99,101
9457,99,101
9458,99,101
9459,99,101
9460,99,101
9461,99,101
9462,99,101
9463,99,101
9464,99,101
9465,99,101
9466,99,101
9467,99,101
9468,99,101
9469,99,101
9470,99,101
9471,99,101
9472,99,101
9473,99,101
9474,99,101
9475,99,101
9476,99,101
9477,99,101
9478,99,101
9479,99,101
9480,99,101
9481,99,101
9482,99,101
9483,99,101
9484,99,101
9485,99,101
9486,99,101
9487,99,101
9488,99,101
9489,99,101
9490,99,101
9491,99,101
9492,99,101
9493,99,101
9494,99,101
9495,99,101
9496,99,101
9497,99,101
9498,99,101
9499,99,101
9500,99,101
9501,99,101
9502,99,101
9503,99,101
9504,99,101
9505,99,101
9506,99,101
9507,99,101
9508,99,101
9509,99,101
9510,99,101
9511,99,101
9512,99,101
9513,99,101
9514,99,101
9515,99,101
9516,99,101
9517,99,101
9518,99,101
9519,99,101
9520,99,101
9521,99,101
9522,99,101
9523,99,101
9524,99,101
9525,99,101
9526,99,101
9527,99,101
9528,99,101
9529,99,101
9530,99,101
9531,99,101
9532,99,101
9533,99,101
9534,99,101
9535,99,101
9536,99,101
9537,99,101
9538,99,101
9539,99,101
9540,99,101
9541,99,101
9542,99,101
9543,99,101
9544,99,101
9545,99,101
9546,99,101
9547,99,101
9548,99,101
9549,99,101
9550,99,101
9551,99,101
9552,99,101
9553,99,101
9554,99,101
9555,99,101
9556,99,101
9557,99,101
9558,99,101
9559,99,101
9560,99,101
9561,99,101
9562,99,101
9563,99,101
9564,99,101
9565,99,101
9566,99,101
9567,99,101
9568,99,101
9569,99,101
9570,99,101
9571,99,101
9572,99,101
9573,99,101
9574,99,101
9575,99,101
9576,99,101
9577,99,101
9578,99,101
9579,99,101
9580,99,101
9581,99,101
9582,99,101
9583,99,101
9584,99,101
9585,99,101
9586,99,101
9587,99,101
9588,99,101
9589,99,101
9590,99,101
9591,99,101
9592,99,101
9593,99,101
9594,99,101
9595,99,101
9596,99,101
9597,99,101
9598,99,101
9599,99,101
9600,99,101
9601,99,101
9602,99,101
9603,99,101
9604,99,101
9605,99,101
9606,99,101
9607,99,101
9608,99,101
9609,99,101
9610,99,101
9611,99,101
9612,99,101
9613,99,101
9614,99,101
9615,99,101
9616,99,101
9617,99,101
9618,99,101
9619,99,101
9620,99,101
9621,99,101
9622,99,101
9623,99,101
9624,99,101
9625,99,101
9626,99,101
9627,99,101
9628,99,101
9629,99,101
9630,99,101
9631,99,101
9632,99,101
9633,99,101
9634,99,101
9635,99,101
9636,99,101
9637,99,101
9638,99,101
9639,99,101
9640,99,101
9641,99,101
9642,99,101
9643,99,101
9644,99,101
9645,99,101
9646,99,101
9647,99,101
9648,99,101
9649,99,101
9650,99,101
9651,99,101
9652,99,101
9653,99,101
9654,99,101
9655,99,101
9656,99,101
9657,99,101
9658,99,101
9659,99,101
9660,99,101
9661,99,101
9662,99,101
9663,99,101
9664,99,101
9665,99,101
9666,99,101
9667,99,101
9668,99,101
9669,99,101
9670,99,101
9671,99,101
9672,99,101
9673,99,101
9674,99,101
9675,99,101
9676,99,101
9677,99,101
9678,99,101
9679,99,101
9680,99,101
9681,99,101
9682,99,101
9683,99,101
9684,99,101
9685,99,101
9686,99,101
9687,99,101
9688,99,101
9689,99,101
9690,99,101
9691,99,101
9692,99,101
9693,99,101
9694,99,101
9695,99,101
9696,99,101
9697,99,101
9698,99,101
9699,99,101
9700,100,100
9701,100,100
9702,100,100
9703,100,100
9704,100,100
9705,100,100
9706,100,100
9707,100,100
9708,100,100
9709,100,100
9710,100,100
9711,100,100
9712,100,100
9713,100,100
9714,100,100
9715,100,100
9716,100,100
9717,100,100
9718,100,100
9719,100,100
9720,100,100
9721,100,100
9722,100,100
9723,100,100
9724,100,100
9725,100,100
9726,100,100
9727,100,100
9728,100,100
9729,100,100
9730,100,100
9731,100,100
9732,100,100
9733,100,100
9734,100,100
9735,100,100
9736,100,100
9737,100,100
9738,100,100
9739,100,100
9740,100,100
9741,100,100
9742,100,100
9743,100,100
9744,100,100
9745,100,100
9746,100,100
9747,100,100
9748,100,100
9749,100,100
9750,100,100
9751,100,100
9752,100,100
9753,100,100
9754,100,100
9755,100,100
9756,100,100
9757,100,100
9758,100,100
9759,100,100
9760,100,100
9761,100,100
9762,100,100
9763,100,100
9764,100,100
9765,100,100
9766,100,100
9767,100,100
9768,100,100
9769,100,100
9770,100,100
9771,100,100
9772,100,100
9773,100,100
9774,100,100
9775,100,100
9776,100,100
9777,100,100
9778,100,100
9779,100,100
9780,100,100
9781,100,100
9782,100,100
9783,100,100
9784,100,100
9785,100,100
9786,100,100
9787,100,100
9788,100,100
9789,100,100
9790,100,100
9791,100,100
9792,100,100
9793,100,100
9794,100,100
9795,100,100
9796,100,100
9797,100,100
9798,100,100
9799,100,100
9800,99,101
9801,99,101
9802,99,101
9803,99,101
9804,99,101
9805,99,101
9806,99,101
9807,99,101
9808,99,101
9809,99,101
9810,99,101
9811,99,101
9812,99,101
9813,99,101
9814,99,101
9815,99,101
9816,99,101
9817,99,101
9818,99,101
9819,99,101
9820,99,101
9821,99,101
9822,99,101
9823,99,101
9824,99,101
9825,99,101
9826,99,101
9827,99,101
9828,99,101
9829,99,101
9830,99,101
9831,99,101
9832,99,101
9833,99,101
9834,99,101
9835,99,101
9836,99,101
9837,99,101
9838,99,101
9839,99,101
9840,99,101
9841,99,101
9842,99,101
9843,99,101
9844,99,101
9845,99,101
9846,99,101
9847,99,101
9848,99,101
9849,99,101
9850,99,101
9851,99,101
9852,99,101
9853,99,101
9854,99,101
9855,99,101
9856,99,101
9857,99,101
9858,99,101
9859,99,101
9860,99,101
9861,99,101
9862,99,101
9863,99,101
9864,99,101
9865,99,101
9866,99,101
9867,99,101
9868,99,101
9869,99,101
9870,99,101
9871,99,101
9872,99,101
9873,99,101
9874,99,101
9875,99,101
9876,99,101
9877,99,101
9878,99,101
9879,99,101
9880,99,101
9881,99,101
9882,99,101
9883,99,101
9884,99,101
9885,99,101
9886,99,101
9887,99,101
9888,99,101
9889,99,101
9890,99,101
9891,99,101
9892,99,101
9893,99,101
9894,99,101
9895,99,101
9896,99,101
9897,99,101
9898,99,101
9899,99,101
9900,99,101
9901,99,101
9902,99,101
9903,99,101
9904,99,101
9905,99,101
9906,99,101
9907,99,101
9908,99,101
9909,99,101
9910,99,101
9911,99,101
9912,99,101
9913,99,101
9914,99,101
9915,99,101
9916,99,101
9917,99,101
9918,99,101
9919,99,101
9920,99,101
9921,99,101
9922,99,101
9923,99,101
9924,99,101
9925,99,101
9926,99,101
9927,99,101
9928,99,101
9929,99,101
9930,99,101
9931,99,101
9932,99,101
9933,99,101
9934,99,101
9935,99,101
9936,99,101
9937,99,101
9938,99,101
9939,99,101
9940,99,101
9941,99,101
9942,99,101
9943,99,101
9944,99,101
9945,99,101
9946,99,101
9947,99,101
9948,99,101
9949,99,101
9950,99,101
9951,99,101
9952,99,101
9953,99,101
9954,99,101
9955,99,101
9956,99,101
9957,99,101
9958,99,101
9959,99,101
9960,99,101
9961,99,101
9962,99,101
9963,99,101
9964,99,101
9965,99,101
9966,99,101
9967,99,101
9968,99,101
9969,99,101
9970,99,101
9971,99,101
9972,99,101
9973,99,101
9974,99,101
9975,99,101
9976,99,101
9977,99,101
9978,99,101
9979,99,101
9980,99,101
9981,99,101
9982,99,101
9983,99,101
9984,99,101
9985,99,101
9986,99,101
9987,99,101
9988,99,101
9989,99,101
9990,99,101
9991,99,101
9992,99,101
9993,99,101
9994,99,101
9995,99,101
9996,99,101
9997,99,101
9998,99,101
9999,99,101
10000,99,101
10001,99,101
10002,99,101
10003,99,101
10004,99,101
10005,99,101
10006,99,101
10007,99,101
10008,99,101
10009,99,101
10010,99,101
10011,99,101
10012,99,101
10013,99,101
10014,99,101
10015,99,101
10016,99,101
10017,99,101
10018,99,101
10019,99,101
10020,99,101
10021,99,101
10022,99,101
10023,99,101
10024,99,101
10025,99,101
10026,99,101
10027,99,101
10028,99,101
10029,99,101
10030,99,101
10031,99,101
10032,99,101
10033,99,101
10034,99,101
10035,99,101
10036,99,101
10037,99,101
10038,99,101
10039,99,101
10040,99,101
10041,99,101
10042,99,101
10043,99,101
10044,99,101
10045,99,101
10046,99,101
10047,99,101
10048,99,101
10049,99,101
10050,99,101
10051,99,101
10052,99,101
10053,99,101
10054,99,101
10055,99,101
10056,99,101
10057,99,101
10058,99,101
10059,99,101
10060,99,101
10061,99,101
10062,99,101
10063,99,101
10064,99,101
10065,99,101
10066,99,101
10067,99,101
10068,99,101
10069,99,101
10070,99,101
10071,99,101
10072,99,101
10073,99,101
10074,99,101
10075,99,101
10076,99,101
10077,99,101
10078,99,101
10079,99,101
10080,99,101
10081,99,101
10082,99,101
10083,99,101
10084,99,101
10085,99,101
10086,99,101
10087,99,101
10088,99,101
10089,99,101
10090,99,101
10091,99,101
10092,99,101
10093,99,101
10094,99,101
10095,99,101
10096,99,101
10097,99,101
10098,99,101
10099,99,101
10100,100,100
10101,100,100
10102,100,100
10103,100,100
10104,100,100
10105,100,100
10106,100,100
10107,100,100
10108,100,100
10109,100,100
10110,100,100
10111,100,100
10112,100,100
10113,100,100
10114,100,100
10115,100,100
10116,100,100
10117,100,100
10118,100,100
10119,100,100
10120,100,100
10121,100,100
10122,100,100
10123,100,100
10124,100,100
10125,100,100
10126,100,100
10127,100,100
10128,100,100
10129,100,100
10130,100,100
10131,100,100
10132,100,100
10133,100,100
10134,100,100
10135,100,100
10136,100,100
10137,100,100
10138,100,100
10139,100,100
10140,100,100
10141,100,100
10142,100,100
10143,100,100
10144,100,100
10145,100,100
10146,100,100
10147,100,100
10148,100,100
10149,100,100
10150,100,100
10151,100,100
10152,100,100
10153,100,100
10154,100,100
10155,100,100
10156,100,100
10157,100,100
10158,100,100
10159,100,100
10160,100,100
10161,100,100
10162,100,100
10163,100,100
10164,100,100
10165,100,100
10166,100,100
10167,100,100
10168,100,100
10169,100,100
10170,100,100
10171,100,100
10172,100,100
10173,100,100
10174,100,100
10175,100,100
10176,100,100
10177,100,100
10178,100,100
10179,100,100
10180,100,100
10181,100,100
10182,100,100
10183,100,100
10184,100,100
10185,100,100
10186,100,100
10187,100,100
10188,100,100
10189,100,100
10190,100,100
10191,100,100
10192,100,100
10193,100,100
10194,100,100
10195,100,100
10196,100,100
10197,100,100
10198,100,100
10199,100,100
10200,100,100
10201,100,100
10202,100,100
10203,100,100
10204,100,100
10205,100,100
10206,100,100
10207,100,100
10208,100,100
10209,100,100
10210,100,100
10211,100,100
10212,100,100
10213,100,100
10214,100,100
10215,100,100
10216,100,100
10217,100,100
10218,100,100
10219,100,100
10220,100,100
10221,100,100
10222,100,100
10223,100,100
10224,100,100
10225,100,100
10226,100,100
10227,100,100
10228,100,100
10229,100,100
10230,100,100
10231,100,100
10232,100,100
10233,100,100
10234,100,100
10235,100,100
10236,100,100
10237,100,100
10238,100,100
10239,100,100
10240,100,100
10241,100,100
10242,100,100
10243,100,100
10244,100,100
10245,100,100
10246,100,100
10247,100,100
10248,100,100
10249,100,100
10250,100,100
10251,100,100
10252,100,100
10253,100,100
10254,100,100
10255,100,100
10256,100,100
10257,100,100
10258,100,100
10259,100,100
10260,100,100
10261,100,100
10262,100,100
10263,100,100
10264,100,100
10265,100,100
10266,100,100
10267,100,100
10268,100,100
10269,100,100
10270,100,100
10271,100,100
10272,100,100
10273,100,100
10274,100,100
10275,100,100
10276,100,100
10277,100,100
10278,100,100
10279,100,100
10280,100,100
10281,100,100
10282,100,100
10283,100,100
10284,100,100
10285,100,100
10286,100,100
10287,100,100
10288,100,100
10289,100,100
10290,100,100
10291,100,100
10292,100,100
10293,100,100
10294,100,100
10295,100,100
10296,100,100
10297,100,100
10298,100,100
10299,100,100
10300,100,100
10301,100,100
10302,100,100
10303,100,100
10304,100,100
10305,100,100
10306,100,100
10307,100,100
10308,100,100
10309,100,100
10310,100,100
10311,100,100
10312,100,100
10313,100,100
10314,100,100
10315,100,100
10316,100,100
10317,100,100
10318,100,100
10319,100,100
10320,100,100
10321,100,100
10322,100,100
10323,100,100
10324,100,100
10325,100,100
10326,100,100
10327,100,100
10328,100,100
10329,100,100
10330,100,100
10331,100,100
10332,100,100
10333,100,100
10334,100,100
10335,100,100
10336,100,100
10337,100,100
10338,100,100
10339,100,100
10340,100,100
10341,100,100
10342,100,100
10343,100,100
10344,100,100
10345,100,100
10346,100,100
10347,100,100
10348,100,100
10349,100,100
10350,100,100
10351,100,100
10352,100,100
10353,100,100
10354,100,100
10355,100,100
10356,100,100
10357,100,100
10358,100,100
10359,100,100
10360,100,100
10361,100,100
10362,100,100
10363,100,100
10364,100,100
10365,100,100
10366,100,100
10367,100,100
10368,100,100
10369,100,100
10370,100,100
10371,100,100
10372,100,100
10373,100,100
10374,100,100
10375,100,100
10376,100,100
10377,100,100
10378,100,100
10379,100,100
10380,100,100
10381,100,100
10382,100,100
10383,100,100
10384,100,100
10385,100,100
10386,100,100
10387,100,100
10388,100,100
10389,100,100
10390,100,100
10391,100,100
10392,100,100
10393,100,100
10394,100,100
10395,100,100
10396,100,100
10397,100,100
10398,100,100
10399,100,100
10400,101,99
10401,101,99
10402,101,99
10403,101,99
10404,101,99
10405,101,99
10406,101,99
10407,101,99
10408,101,99
10409,101,99
10410,101,99
10411,101,99
10412,101,99
10413,101,99
10414,101,99
10415,101,99
10416,101,99
10417,101,99
10418,101,99
10419,101,99
10420,101,99
10421,101,99
10422,101,99
10423,101,99
10424,101,99
10425,101,99
10426,101,99
10427,101,99
10428,101,99
10429,101,99
10430,101,99
10431,101,99
10432,101,99
10433,101,99
10434,101,99
10435,101,99
10436,101,99
10437,101,99
10438,101,99
10439,101,99
10440,101,99
10441,101,99
10442,101,99
10443,101,99
10444,101,99
10445,101,99
10446,101,99
10447,101,99
10448,101,99
10449,101,99
10450,101,99
10451,101,99
10452,101,99
10453,101,99
10454,101,99
10455,101,99
10456,101,99
10457,101,99
10458,101,99
10459,101,99
10460,101,99
10461,101,99
10462,101,99
10463,101,99
10464,101,99
10465,101,99
10466,101,99
10467,101,99
10468,101,99
10469,101,99
10470,101,99
10471,101,99
10472,101,99
10473,101,99
10474,101,99
10475,101,99
10476,101,99
10477,101,99
10478,101,99
10479,101,99
10480,101,99
10481,101,99
10482,101,99
10483,101,99
10484,101,99
10485,101,99
10486,101,99
10487,101,99
10488,101,99
10489,101,99
10490,101,99
10491,101,99
10492,101,99
10493,101,99
10494,101,99
10495,101,99
10496,101,99
10497,101,99
10498,101,99
10499,101,99
10500,101,99
10501,101,99
10502,101,99
10503,101,99
10504,101,99
10505,101,99
10506,101,99
10507,101,99
10508,101,99
10509,101,99
10510,101,99
10511,101,99
10512,101,99
10513,101,99
10514,101,99
10515,101,99
10516,101,99
10517,101,99
10518,101,99
10519,101,99
10520,101,99
10521,101,99
10522,101,99
10523,101,99
10524,101,99
10525,101,99
10526,101,99
10527,101,99
10528,101,99
10529,101,99
10530,101,99
10531,101,99
10532,101,99
10533,101,99
10534,101,99
10535,101,99
10536,101,99
10537,101,99
10538,101,99
10539,101,99
10540,101,99
10541,101,99
10542,101,99
10543,101,99
10544,101,99
10545,101,99
10546,101,99
10547,101,99
10548,101,99
10549,101,99
10550,101,99
10551,101,99
10552,101,99
10553,101,99
10554,101,99
10555,101,99
10556,101,99
10557,101,99
10558,101,99
10559,101,99
10560,101,99
10561,101,99
10562,101,99
10563,101,99
10564,101,99
10565,101,99
10566,101,99
10567,101,99
10568,101,99
10569,101,99
10570,101,99
10571,101,99
10572,101,99
10573,101,99
10574,101,99
10575,101,99
10576,101,99
10577,101,99
10578,101,99
10579,101,99
10580,101,99
10581,101,99
10582,101,99
10583,101,99
10584,101,99
10585,101,99
10586,101,99
10587,101,99
10588,101,99
10589,101,99
10590,101,99
10591,101,99
10592,101,99
10593,101,99
10594,101,99
10595,101,99
10596,101,99
10597,101,99
10598,101,99
10599,101,99
10600,100,100
10601,100,100
10602,100,100
10603,100,100
10604,100,100
10605,100,100
10606,100,100
10607,100,100
10608,100,100
10609,100,100
10610,100,100
10611,100,100
10612,100,100
10613,100,100
10614,100,100
10615,100,100
10616,100,100
10617,100,100
10618,100,100
10619,100,100
10620,100,100
10621,100,100
10622,100,100
10623,100,100
10624,100,100
10625,100,100
10626,100,100
10627,100,100
10628,100,100
10629,100,100
10630,100,100
10631,100,100
10632,100,100
10633,100,100
10634,100,100
10635,100,100
10636,100,100
10637,100,100
10638,100,100
10639,100,100
10640,100,100
10641,100,100
10642,100,100
10643,100,100
10644,100,100
10645,100,100
10646,100,100
10647,100,100
10648,100,100
10649,100,100
10650,100,100
10651,100,100
10652,100,100
10653,100,100
10654,100,100
10655,100,100
10656,100,100
10657,100,100
10658,100,100
10659,100,100
10660,100,100
10661,100,100
10662,100,100
10663,100,100
10664,100,100
10665,100,100
10666,100,100
10667,100,100
10668,100,100
10669,100,100
10670,100,100
10671,100,100
10672,100,100
10673,100,100
10674,100,100
10675,100,100
10676,100,100
10677,100,100
10678,100,100
10679,100,100
10680,100,100
10681,100,100
10682,100,100
10683,100,100
10684,100,100
10685,100,100
10686,100,100
10687,100,100
10688,100,100
10689,100,100
10690,100,100
10691,100,100
10692,100,100
10693,100,100
10694,100,100
10695,100,100
10696,100,100
10697,100,100
10698,100,100
10699,100,100
10700,100,100
10701,100,100
10702,100,100
10703,100,100
10704,100,100
10705,100,100
10706,100,100
10707,100,100
10708,100,100
10709,100,100
10710,100,100
10711,100,100
10712,100,100
10713,100,100
10714,100,100
10715,100,100
10716,100,100
10717,100,100
10718,100,100
10719,100,100
10720,100,100
10721,100,100
10722,100,100
10723,100,100
10724,100,100
10725,100,100
10726,100,100
10727,100,100
10728,100,100
10729,100,100
10730,100,100
10731,100,100
10732,100,100
10733,100,100
10734,100,100
10735,100,100
10736,100,100
10737,100,100
10738,100,100
10739,100,100
10740,100,100
10741,100,100
10742,100,100
10743,100,100
10744,100,100
10745,100,100
10746,100,100
10747,100,100
10748,100,100
10749,100,100
10750,100,100
10751,100,100
10752,100,100
10753,100,100
10754,100,100
10755,100,100
10756,100,100
10757,100,100
10758,100,100
10759,100,100
10760,100,100
10761,100,100
10762,100,100
10763,100,100
10764,100,100
10765,100,100
10766,100,100
10767,100,100
10768,100,100
10769,100,100
10770,100,100
10771,100,100
10772,100,100
10773,100,100
10774,100,100
10775,100,100
10776,100,100
10777,100,100
10778,100,100
10779,100,100
10780,100,100
10781,100,100
10782,100,100
10783,100,100
10784,100,100
10785,100,100
10786,100,100
10787,100,100
10788,100,100
10789,100,100
10790,100,100
10791,100,100
10792,100,100
10793,100,100
10794,100,100
10795,100,100
10796,100,100
10797,100,100
10798,100,100
10799,100,100
10800,101,99
10801,101,99
10802,101,99
10803,101,99
10804,101,99
10805,101,99
10806,101,99
10807,101,99
10808,101,99
10809,101,99
10810,101,99
10811,101,99
10812,101,99
10813,101,99
10814,101,99
10815,101,99
10816,101,99
10817,101,99
10818,101,99
10819,101,99
10820,101,99
10821,101,99
10822,101,99
10823,101,99
10824,101,99
10825,101,99
10826,101,99
10827,101,99
10828,101,99
10829,101,99
10830,101,99
10831,101,99
10832,101,99
10833,101,99
10834,101,99
10835,101,99
10836,101,99
10837,101,99
10838,101,99
10839,101,99
10840,101,99
10841,101,99
10842,101,99
10843,101,99
10844,101,99
10845,101,99
10846,101,99
10847,101,99
10848,101,99
10849,101,99
10850,101,99
10851,101,99
10852,101,99
10853,101,99
10854,101,99
10855,101,99
10856,101,99
10857,101,99
10858,101,99
10859,101,99
10860,101,99
10861,101,99
10862,101,99
10863,101,99
10864,101,99
10865,101,99
10866,101,99
10867,101,99
10868,101,99
10869,101,99
10870,101,99
10871,101,99
10872,101,99
10873,101,99
10874,101,99
10875,101,99
10876,101,99
10877,101,99
10878,101,99
10879,101,99
10880,101,99
10881,101,99
10882,101,99
10883,101,99
10884,101,99
10885,101,99
10886,101,99
10887,101,99
10888,101,99
10889,101,99
10890,101,99
10891,101,99
10892,101,99
10893,101,99
10894,101,99
10895,101,99
10896,101,99
10897,101,99
10898,101,99
10899,101,99
10900,101,99
10901,101,99
10902,101,99
10903,101,99
10904,101,99
10905,101,99
10906,101,99
10907,101,99
10908,101,99
10909,101,99
10910,101,99
10911,101,99
10912,101,99
10913,101,99
10914,101,99
10915,101,99
10916,101,99
10917,101,99
10918,101,99
10919,101,99
10920,101,99
10921,101,99
10922,101,99
10923,101,99
10924,101,99
10925,101,99
10926,101,99
10927,101,99
10928,101,99
10929,101,99
10930,101,99
10931,101,99
10932,101,99
10933,101,99
10934,101,99
10935,101,99
10936,101,99
10937,101,99
10938,101,99
10939,101,99
10940,101,99
10941,101,99
10942,101,99
10943,101,99
10944,101,99
10945,101,99
10946,101,99
10947,101,99
10948,101,99
10949,101,99
10950,101,99
10951,101,99
10952,101,99
10953,101,99
10954,101,99
10955,101,99
10956,101,99
10957,101,99
10958,101,99
10959,101,99
10960,101,99
10961,101,99
10962,101,99
10963,101,99
10964,101,99
10965,101,99
10966,101,99
10967,101,99
10968,101,99
10969,101,99
10970,101,99
10971,101,99
10972,101,99
10973,101,99
10974,101,99
10975,101,99
10976,101,99
10977,101,99
10978,101,99
10979,101,99
10980,101,99
10981,101,99
10982,101,99
10983,101,99
10984,101,99
10985,101,99
10986,101,99
10987,101,99
10988,101,99
10989,101,99
10990,101,99
10991,101,99
10992,101,99
10993,101,99
10994,101,99
10995,101,99
10996,101,99
10997,101,99
10998,101,99
10999,101,99
11000,101,99
11001,101,99
11002,101,99
11003,101,99
11004,101,99
11005,101,99
11006,101,99
11007,101,99
11008,101,99
11009,101,99
11010,101,99
11011,101,99
11012,101,99
11013,101,99
11014,101,99
11015,101,99
11016,101,99
11017,101,99
11018,101,99
11019,101,99
11020,101,99
11021,101,99
11022,101,99
11023,101,99
11024,101,99
11025,101,99
11026,101,99
11027,101,99
11028,101,99
11029,101,99
11030,101,99
11031,101,99
11032,101,99
11033,101,99
11034,101,99
11035,101,99
11036,101,99
11037,101,99
11038,101,99
11039,101,99
11040,101,99
11041,101,99
11042,101,99
11043,101,99
11044,101,99
11045,101,99
11046,101,99
11047,101,99
11048,101,99
11049,101,99
11050,101,99
11051,101,99
11052,101,99
11053,101,99
11054,101,99
11055,101,99
11056,101,99
11057,101,99
11058,101,99
11059,101,99
11060,101,99
11061,101,99
11062,101,99
11063,101,99
11064,101,99
11065,101,99
11066,101,99
11067,101,99
11068,101,99
11069,101,99
11070,101,99
11071,101,99
11072,101,99
11073,101,99
11074,101,99
11075,101,99
11076,101,99
11077,101,99
11078,101,99
11079,101,99
11080,101,99
11081,101,99
11082,101,99
11083,101,99
11084,101,99
11085,101,99
11086,101,99
11087,101,99
11088,101,99
11089,101,99
11090,101,99
11091,101,99
11092,101,99
11093,101,99
11094,101,99
11095,101,99
11096,101,99
11097,101,99
11098,101,99
11099,101,99
11100,101,99
11101,101,99
11102,101,99
11103,101,99
11104,101,99
11105,101,99
11106,101,99
11107,101,99
11108,101,99
11109,101,99
11110,101,99
11111,101,99
11112,101,99
11113,101,99
11114,101,99
11115,101,99
11116,101,99
11117,101,99
11118,101,99
11119,101,99
11120,101,99
11121,101,99
11122,101,99
11123,101,99
11124,101,99
11125,101,99
11126,101,99
11127,101,99
11128,101,99
11129,101,99
11130,101,99
11131,101,99
11132,101,99
11133,101,99
11134,101,99
11135,101,99
11136,101,99
11137,101,99
11138,101,99
11139,101,99
11140,101,99
11141,101,99
11142,101,99
11143,101,99
11144,101,99
11145,101,99
11146,101,99
11147,101,99
11148,101,99
11149,101,99
11150,101,99
11151,101,99
11152,101,99
11153,101,99
11154,101,99
11155,101,99
11156,101,99
11157,101,99
11158,101,99
11159,101,99
11160,101,99
11161,101,99
11162,101,99
11163,101,99
11164,101,99
11165,101,99
11166,101,99
11167,101,99
11168,101,99
11169,101,99
11170,101,99
11171,101,99
11172,101,99
11173,101,99
11174,101,99
11175,101,99
11176,101,99
11177,101,99
11178,101,99
11179,101,99
11180,101,99
11181,101,99
11182,101,99
11183,101,99
11184,101,99
11185,101,99
11186,101,99
11187,101,99
11188,101,99
11189,101,99
11190,101,99
11191,101,99
11192,101,99
11193,101,99
11194,101,99
11195,101,99
11196,101,99
11197,101,99
11198,101,99
11199,101,99
11200,101,99
11201,101,99
11202,101,99
11203,101,99
11204,101,99
11205,101,99
11206,101,99
11207,101,99
11208,101,99
11209,101,99
11210,101,99
11211,101,99
11212,101,99
11213,101,99
11214,101,99
11215,101,99
11216,101,99
11217,101,99
11218,101,99
11219,101,99
11220,101,99
11221,101,99
11222,101,99
11223,101,99
11224,101,99
11225,101,99
11226,101,99
11227,101,99
11228,101,99
11229,101,99
11230,101,99
11231,101,99
11232,101,99
11233,101,99
11234,101,99
11235,101,99
11236,101,99
11237,101,99
11238,101,99
11239,101,99
11240,101,99
11241,101,99
11242,101,99
11243,101,99
11244,101,99
11245,101,99
11246,101,99
11247,101,99
11248,101,99
11249,101,99
11250,101,99
11251,101,99
11252,101,99
11253,101,99
11254,101,99
11255,101,99
11256,101,99
11257,101,99
11258,101,99
11259,101,99
11260,101,99
11261,101,99
11262,101,99
11263,101,99
11264,101,99
11265,101,99
11266,101,99
11267,101,99
11268,101,99
11269,101,99
11270,101,99
11271,101,99
11272,101,99
11273,101,99
11274,101,99
11275,101,99
11276,101,99
11277,101,99
11278,101,99
11279,101,99
11280,101,99
11281,101,99
11282,101,99
11283,101,99
11284,101,99
11285,101,99
11286,101,99
11287,101,99
11288,101,99
11289,101,99
11290,101,99
11291,101,99
11292,101,99
11293,101,99
11294,101,99
11295,101,99
11296,101,99
11297,101,99
11298,101,99
11299,101,99
11300,100,100
11301,100,100
11302,100,100
11303,100,100
11304,100,100
11305,100,100
11306,100,100
11307,100,100
11308,100,100
11309,100,100
11310,100,100
11311,100,100
11312,100,100
11313,100,100
11314,100,100
11315,100,100
11316,100,100
11317,100,100
11318,100,100
11319,100,100
11320,100,100
11321,100,100
11322,100,100
11323,100,100
11324,100,100
11325,100,100
11326,100,100
11327,100,100
11328,100,100
11329,100,100
11330,100,100
11331,100,100
11332,100,100
11333,100,100
11334,100,100
11335,100,100
11336,100,100
11337,100,100
11338,100,100
11339,100,100
11340,100,100
11341,100,100
11342,100,100
11343,100,100
11344,100,100
11345,100,100
11346,100,100
11347,100,100
11348,100,100
11349,100,100
11350,100,100
11351,100,100
11352,100,100
11353,100,100
11354,100,100
11355,100,100
11356,100,100
11357,100,100
11358,100,100
11359,100,100
11360,100,100
11361,100,100
11362,100,100
11363,100,100
11364,100,100
11365,100,100
11366,100,100
11367,100,100
11368,100,100
11369,100,100
11370,100,100
11371,100,100
11372,100,100
11373,100,100
11374,100,100
11375,100,100
11376,100,100
11377,100,100
11378,100,100
11379,100,100
11380,100,100
11381,100,100
11382,100,100
11383,100,100
11384,100,100
11385,100,100
11386,100,100
11387,100,100
11388,100,100
11389,100,100
11390,100,100
11391,100,100
11392,100,100
11393,100,100
11394,100,100
11395,100,100
11396,100,100
11397,100,100
11398,100,100
11399,100,100
11400,100,100
11401,100,100
11402,100,100
11403,100,100
11404,100,100
11405,100,100
11406,100,100
11407,100,100
11408,100,100
11409,100,100
11410,100,100
11411,100,100
11412,100,100
11413,100,100
11414,100,100
11415,100,100
11416,100,100
11417,100,100
11418,100,100
11419,100,100
11420,100,100
11421,100,100
11422,100,100
11423,100,100
11424,100,100
11425,100,100
11426,100,100
11427,100,100
11428,100,100
11429,100,100
11430,100,100
11431,100,100
11432,100,100
11433,100,100
11434,100,100
11435,100,100
11436,100,100
11437,100,100
11438,100,100
11439,100,100
11440,100,100
11441,100,100
11442,100,100
11443,100,100
11444,100,100
11445,100,100
11446,100,100
11447,100,100
11448,100,100
11449,100,100
11450,100,100
11451,100,100
11452,100,100
11453,100,100
11454,100,100
11455,100,100
11456,100,100
11457,100,100
11458,100,100
11459,100,100
11460,100,100
11461,100,100
11462,100,100
11463,100,100
11464,100,100
11465,100,100
11466,100,100
11467,100,100
11468,100,100
11469,100,100
11470,100,100
11471,100,100
11472,100,100
11473,100,100
11474,100,100
11475,100,100
11476,100,100
11477,100,100
11478,100,100
11479,100,100
11480,100,100
11481,100,100
11482,100,100
11483,100,100
11484,100,100
11485,100,100
11486,100,100
11487,100,100
11488,100,100
11489,100,100
11490,100,100
11491,100,100
11492,100,100
11493,100,100
11494,100,100
11495,100,100
11496,100,100
11497,100,100
11498,100,100
11499,100,100
11500,100,100
11501,100,100
11502,100,100
11503,100,100
11504,100,100
11505,100,100
11506,100,100
11507,100,100
11508,100,100
11509,100,100
11510,100,100
11511,100,100
11512,100,100
11513,100,100
11514,100,100
11515,100,100
11516,100,100
11517,100,100
11518,100,100
11519,100,100
11520,100,100
11521,100,100
11522,100,100
11523,100,100
11524,100,100
11525,100,100
11526,100,100
11527,100,100
11528,100,100
11529,100,100
11530,100,100
11531,100,100
11532,100,100
11533,100,100
11534,100,100
11535,100,100
11536,100,100
11537,100,100
11538,100,100
11539,100,100
11540,100,100
11541,100,100
11542,100,100
11543,100,100
11544,100,100
11545,100,100
11546,100,100
11547,100,100
11548,100,100
11549,100,100
11550,100,100
11551,100,100
11552,100,100
11553,100,100
11554,100,100
11555,100,100
11556,100,100
11557,100,100
11558,100,100
11559,100,100
11560,100,100
11561,100,100
11562,100,100
11563,100,100
11564,100,100
11565,100,100
11566,100,100
11567,100,100
11568,100,100
11569,100,100
11570,100,100
11571,100,100
11572,100,100
11573,100,100
11574,100,100
11575,100,100
11576,100,100
11577,100,100
11578,100,100
11579,100,100
11580,100,100
11581,100,100
11582,100,100
11583,100,100
11584,100,100
11585,100,100
11586,100,100
11587,100,100
11588,100,100
11589,100,100
11590,100,100
11591,100,100
11592,100,100
11593,100,100
11594,100,100
11595,100,100
11596,100,100
11597,100,100
11598,100,100
11599,100,100
11600,100,100
11601,100,100
11602,100,100
11603,100,100
11604,100,100
11605,100,100
11606,100,100
11607,100,100
11608,100,100
11609,100,100
11610,100,100
11611,100,100
11612,100,100
11613,100,100
11614,100,100
11615,100,100
11616,100,100
11617,100,100
11618,100,100
11619,100,100
11620,100,100
11621,100,100
11622,100,100
11623,100,100
11624,100,100
11625,100,100
11626,100,100
11627,100,100
11628,100,100
11629,100,100
11630,100,100
11631,100,100
11632,100,100
11633,100,100
11634,100,100
11635,100,100
11636,100,100
11637,100,100
11638,100,100
11639,100,100
11640,100,100
11641,100,100
11642,100,100
11643,100,100
11644,100,100
11645,100,100
11646,100,100
11647,100,100
11648,100,100
11649,100,100
11650,100,100
11651,100,100
11652,100,100
11653,100,100
11654,100,100
11655,100,100
11656,100,100
11657,100,100
11658,100,100
11659,100,100
11660,100,100
11661,100,100
11662,100,100
11663,100,100
11664,100,100
11665,100,100
11666,100,100
11667,100,100
11668,100,100
11669,100,100
11670,100,100
11671,100,100
11672,100,100
11673,100,100
11674,100,100
11675,100,100
11676,100,100
11677,100,100
11678,100,100
11679,100,100
11680,100,100
11681,100,100
11682,100,100
11683,100,100
11684,100,100
11685,100,100
11686,100,100
11687,100,100
11688,100,100
11689,100,100
11690,100,100
11691,100,100
11692,100,100
11693,100,100
11694,100,100
11695,100,100
11696,100,100
11697,100,100
11698,100,100
11699,100,100
11700,99,101
11701,99,101
11702,99,101
11703,99,101
11704,99,101
11705,99,101
11706,99,101
11707,99,101
11708,99,101
11709,99,101
11710,99,101
11711,99,101
11712,99,101
11713,99,101
11714,99,101
11715,99,101
11716,99,101
11717,99,101
11718,99,101
11719,99,101
11720,99,101
11721,99,101
11722,99,101
11723,99,101
11724,99,101
11725,99,101
11726,99,101
11727,99,101
11728,99,101
11729,99,101
11730,99,101
11731,99,101
11732,99,101
11733,99,101
11734,99,101
11735,99,101
11736,99,101
11737,99,101
11738,99,101
11739,99,101
11740,99,101
11741,99,101
11742,99,101
11743,99,101
11744,99,101
11745,99,101
11746,99,101
11747,99,101
11748,99,101
11749,99,101
11750,99,101
11751,99,101
11752,99,101
11753,99,101
11754,99,101
11755,99,101
11756,99,101
11757,99,101
11758,99,101
11759,99,101
11760,99,101
11761,99,101
11762,99,101
11763,99,101
11764,99,101
11765,99,101
11766,99,101
11767,99,101
11768,99,101
11769,99,101
11770,99,101
11771,99,101
11772,99,101
11773,99,101
11774,99,101
11775,99,101
11776,99,101
11777,99,101
11778,99,101
11779,99,101
11780,99,101
11781,99,101
11782,99,101
11783,99,101
11784,99,101
11785,99,101
11786,99,101
11787,99,101
11788,99,101
11789,99,101
11790,99,101
11791,99,101
11792,99,101
11793,99,101
11794,99,101
11795,99,101
11796,99,101
11797,99,101
11798,99,101
11799,99,101
11800,99,101
11801,99,101
11802,99,101
11803,99,101
11804,99,101
11805,99,101
11806,99,101
11807,99,101
11808,99,101
11809,99,101
11810,99,101
11811,99,101
11812,99,101
11813,99,101
11814,99,101
11815,99,101
11816,99,101
11817,99,101
11818,99,101
11819,99,101
11820,99,101
11821,99,101
11822,99,101
11823,99,101
11824,99,101
11825,99,101
11826,99,101
11827,99,101
11828,99,101
11829,99,101
11830,99,101
11831,99,101
11832,99,101
11833,99,101
11834,99,101
11835,99,101
11836,99,101
11837,99,101
11838,99,101
11839,99,101
11840,99,101
11841,99,101
11842,99,101
11843,99,101
11844,99,101
11845,99,101
11846,99,101
11847,99,101
11848,99,101
11849,99,101
11850,99,101
11851,99,101
11852,99,101
11853,99,101
11854,99,101
11855,99,101
11856,99,101
11857,99,101
11858,99,101
11859,99,101
11860,99,101
11861,99,101
11862,99,101
11863,99,101
11864,99,101
11865,99,101
11866,99,101
11867,99,101
11868,99,101
11869,99,101
11870,99,101
11871,99,101
11872,99,101
11873,99,101
11874,99,101
11875,99,101
11876,99,101
11877,99,101
11878,99,101
11879,99,101
11880,99,101
11881,99,101
11882,99,101
11883,99,101
11884,99,101
11885,99,101
11886,99,101
11887,99,101
11888,99,101
11889,99,101
11890,99,101
11891,99,101
11892,99,101
11893,99,101
11894,99,101
11895,99,101
11896,99,101
11897,99,101
11898,99,101
11899,99,101
11900,99,101
11901,99,101
11902,99,101
11903,99,101
11904,99,101
11905,99,101
11906,99,101
11907,99,101
11908,99,101
11909,99,101
11910,99,101
11911,99,101
11912,99,101
11913,99,101
11914,99,101
11915,99,101
11916,99,101
11917,99,101
11918,99,101
11919,99,101
11920,99,101
11921,99,101
11922,99,101
11923,99,101
11924,99,101
11925,99,101
11926,99,101
11927,99,101
11928,99,101
11929,99,101
11930,99,101
11931,99,101
11932,99,101
11933,99,101
11934,99,101
11935,99,101
11936,99,101
11937,99,101
11938,99,101
11939,99,101
11940,99,101
11941,99,101
11942,99,101
11943,99,101
11944,99,101
11945,99,101
11946,99,101
11947,99,101
11948,99,101
11949,99,101
11950,99,101
11951,99,101
11952,99,101
11953,99,101
11954,99,101
11955,99,101
11956,99,101
11957,99,101
11958,99,101
11959,99,101
11960,99,101
11961,99,101
11962,99,101
11963,99,101
11964,99,101
11965,99,101
11966,99,101
11967,99,101
11968,99,101
11969,99,101
11970,99,101
11971,99,101
11972,99,101
11973,99,101
11974,99,101
11975,99,101
11976,99,101
11977,99,101
11978,99,101
11979,99,101
11980,99,101
11981,99,101
11982,99,101
11983,99,101
11984,99,101
11985,99,101
11986,99,101
11987,99,101
11988,99,101
11989,99,101
11990,99,101
11991,99,101
11992,99,101
11993,99,101
11994,99,101
11995,99,101
11996,99,101
11997,99,101
11998,99,101
11999,99,101
12000,99,101
12001,99,101
12002,99,101
12003,99,101
12004,99,101
12005,99,101
12006,99,101
12007,99,101
12008,99,101
12009,99,101
12010,99,101
12011,99,101
12012,99,101
12013,99,101
12014,99,101
12015,99,101
12016,99,101
12017,99,101
12018,99,101
12019,99,101
12020,99,101
12021,99,101
12022,99,101
12023,99,101
12024,99,101
12025,99,101
12026,99,101
12027,99,101
12028,99,101
12029,99,101
12030,99,101
12031,99,101
12032,99,101
12033,99,101
12034,99,101
12035,99,101
12036,99,101
12037,99,101
12038,99,101
12039,99,101
12040,99,101
12041,99,101
12042,99,101
12043,99,101
12044,99,101
12045,99,101
12046,99,101
12047,99,101
12048,99,101
12049,99,101
12050,99,101
12051,99,101
12052,99,101
12053,99,101
12054,99,101
12055,99,101
12056,99,101
12057,99,101
12058,99,101
12059,99,101
12060,99,101
12061,99,101
12062,99,101
12063,99,101
12064,99,101
12065,99,101
12066,99,101
12067,99,101
12068,99,101
12069,99,101
12070,99,101
12071,99,101
12072,99,101
12073,99,101
12074,99,101
12075,99,101
12076,99,101
12077,99,101
12078,99,101
12079,99,101
12080,99,101
12081,99,101
12082,99,101
12083,99,101
12084,99,101
12085,99,101
12086,99,101
12087,99,101
12088,99,101
12089,99,101
12090,99,101
12091,99,101
12092,99,101
12093,99,101
12094,99,101
12095,99,101
12096,99,101
12097,99,101
12098,99,101
12099,99,101
12100,99,101
12101,99,101
12102,99,101
12103,99,101
12104,99,101
12105,99,101
12106,99,101
12107,99,101
12108,99,101
12109,99,101
12110,99,101
12111,99,101
12112,99,101
12113,99,101
12114,99,101
12115,99,101
12116,99,101
12117,99,101
12118,99,101
12119,99,101
12120,99,101
12121,99,101
12122,99,101
12123,99,101
12124,99,101
12125,99,101
12126,99,101
12127,99,101
12128,99,101
12129,99,101
12130,99,101
12131,99,101
12132,99,101
12133,99,101
12134,99,101
12135,99,101
12136,99,101
12137,99,101
12138,99,101
12139,99,101
12140,99,101
12141,99,101
12142,99,101
12143,99,101
12144,99,101
12145,99,101
12146,99,101
12147,99,101
12148,99,101
12149,99,101
12150,99,101
12151,99,101
12152,99,101
12153,99,101
12154,99,101
12155,99,101
12156,99,101
12157,99,101
12158,99,101
12159,99,101
12160,99,101
12161,99,101
12162,99,101
12163,99,101
12164,99,101
12165,99,101
12166,99,101
12167,99,101
12168,99,101
12169,99,101
12170,99,101
12171,99,101
12172,99,101
12173,99,101
12174,99,101
12175,99,101
12176,99,101
12177,99,101
12178,99,101
12179,99,101
12180,99,101
12181,99,101
12182,99,101
12183,99,101
12184,99,101
12185,99,101
12186,99,101
12187,99,101
12188,99,101
12189,99,101
12190,99,101
12191,99,101
12192,99,101
12193,99,101
12194,99,101
12195,99,101
12196,99,101
12197,99,101
12198,99,101
12199,99,101
12200,99,101
12201,99,101
12202,99,101
12203,99,101
12204,99,101
12205,99,101
12206,99,101
12207,99,101
12208,99,101
12209,99,101
12210,99,101
12211,99,101
12212,99,101
12213,99,101
12214,99,101
12215,99,101
12216,99,101
12217,99,101
12218,99,101
12219,99,101
12220,99,101
12221,99,101
12222,99,101
12223,99,101
12224,99,101
12225,99,101
12226,99,101
12227,99,101
12228,99,101
12229,99,101
12230,99,101
12231,99,101
12232,99,101
12233,99,101
12234,99,101
12235,99,101
12236,99,101
12237,99,101
12238,99,101
12239,99,101
12240,99,101
12241,99,101
12242,99,101
12243,99,101
12244,99,101
12245,99,101
12246,99,101
12247,99,101
12248,99,101
12249,99,101
12250,99,101
12251,99,101
12252,99,101
12253,99,101
12254,99,101
12255,99,101
12256,99,101
12257,99,101
12258,99,101
12259,99,101
12260,99,101
12261,99,101
12262,99,101
12263,99,101
12264,99,101
12265,99,101
12266,99,101
12267,99,101
12268,99,101
12269,99,101
12270,99,101
12271,99,101
12272,99,101
12273,99,101
12274,99,101
12275,99,101
12276,99,101
12277,99,101
12278,99,101
12279,99,101
12280,99,101
12281,99,101
12282,99,101
12283,99,101
12284,99,101
12285,99,101
12286,99,101
12287,99,101
12288,99,101
12289,99,101
12290,99,101
12291,99,101
12292,99,101
12293,99,101
12294,99,101
12295,99,101
12296,99,101
12297,99,101
12298,99,101
12299,99,101
12300,100,100
12301,100,100
12302,100,100
12303,100,100
12304,100,100
12305,100,100
12306,100,100
12307,100,100
12308,100,100
12309,100,100
12310,100,100
12311,100,100
12312,100,100
12313,100,100
12314,100,100
12315,100,100
12316,100,100
12317,100,100
12318,100,100
12319,100,100
12320,100,100
12321,100,100
12322,100,100
12323,100,100
12324,100,100
12325,100,100
12326,100,100
12327,100,100
12328,100,100
12329,100,100
12330,100,100
12331,100,100
12332,100,100
12333,100,100
12334,100,100
12335,100,100
12336,100,100
12337,100,100
12338,100,100
12339,100,100
12340,100,100
12341,100,100
12342,100,100
12343,100,100
12344,100,100
12345,100,100
12346,100,100
12347,100,100
12348,100,100
12349,100,100
12350,100,100
12351,100,100
12352,100,100
12353,100,100
12354,100,100
12355,100,100
12356,100,100
12357,100,100
12358,100,100
12359,100,100
12360,100,100
12361,100,100
12362,100,100
12363,100,100
12364,100,100
12365,100,100
12366,100,100
12367,100,100
12368,100,100
12369,100,100
12370,100,100
12371,100,100
12372,100,100
12373,100,100
12374,100,100
12375,100,100
12376,100,100
12377,100,100
12378,100,100
12379,100,100
12380,100,100
12381,100,100
12382,100,100
12383,100,100
12384,100,100
12385,100,100
12386,100,100
12387,100,100
12388,100,100
12389,100,100
12390,100,100
12391,100,100
12392,100,100
12393,100,100
12394,100,100
12395,100,100
12396,100,100
12397,100,100
12398,100,100
12399,100,100
12400,100,100
12401,100,100
12402,100,100
12403,100,100
12404,100,100
12405,100,100
12406,100,100
12407,100,100
12408,100,100
12409,100,100
12410,100,100
12411,100,100
12412,100,100
12413,100,100
12414,100,100
12415,100,100
12416,100,100
12417,100,100
12418,100,100
12419,100,100
12420,100,100
12421,100,100
12422,100,100
12423,100,100
12424,100,100
12425,100,100
12426,100,100
12427,100,100
12428,100,100
12429,100,100
12430,100,100
12431,100,100
12432,100,100
12433,100,100
12434,100,100
12435,100,100
12436,100,100
12437,100,100
12438,100,100
12439,100,100
12440,100,100
12441,100,100
12442,100,100
12443,100,100
12444,100,100
12445,100,100
12446,100,100
12447,100,100
12448,100,100
12449,100,100
12450,100,100
12451,100,100
12452,100,100
12453,100,100
12454,100,100
12455,100,100
12456,100,100
12457,100,100
12458,100,100
12459,100,100
12460,100,100
12461,100,100
12462,100,100
12463,100,100
12464,100,100
12465,100,100
12466,100,100
12467,100,100
12468,100,100
12469,100,100
12470,100,100
12471,100,100
12472,100,100
12473,100,100
12474,100,100
12475,100,100
12476,100,100
12477,100,100
12478,100,100
12479,100,100
12480,100,100
12481,100,100
12482,100,100
12483,100,100
12484,100,100
12485,100,100
12486,100,100
12487,100,100
12488,100,100
12489,100,100
12490,100,100
12491,100,100
12492,100,100
12493,100,100
12494,100,100
12495,100,100
12496,100,100
12497,100,100
12498,100,100
12499,100,100
12500,100,100
12501,100,100
12502,100,100
12503,100,100
12504,100,100
12505,100,100
12506,100,100
12507,100,100
12508,100,100
12509,100,100
12510,100,100
12511,100,100
12512,100,100
12513,100,100
12514,100,100
12515,100,100
12516,100,100
12517,100,100
12518,100,100
12519,100,100
12520,100,100
12521,100,100
12522,100,100
12523,100,100
12524,100,100
12525,100,100
12526,100,100
12527,100,100
12528,100,100
12529,100,100
12530,100,100
12531,100,100
12532,100,100
12533,100,100
12534,100,100
12535,100,100
12536,100,100
12537,100,100
12538,100,100
12539,100,100
12540,100,100
12541,100,100
12542,100,100
12543,100,100
12544,100,100
12545,100,100
12546,100,100
12547,100,100
12548,100,100
12549,100,100
12550,100,100
12551,100,100
12552,100,100
12553,100,100
12554,100,100
12555,100,100
12556,100,100
12557,100,100
12558,100,100
12559,100,100
12560,100,100
12561,100,100
12562,100,100
12563,100,100
12564,100,100
12565,100,100
12566,100,100
12567,100,100
12568,100,100
12569,100,100
12570,100,100
12571,100,100
12572,100,100
12573,100,100
12574,100,100
12575,100,100
12576,100,100
12577,100,100
12578,100,100
12579,100,100
12580,100,100
12581,100,100
12582,100,100
12583,100,100
12584,100,100
12585,100,100
12586,100,100
12587,100,100
12588,100,100
12589,100,100
12590,100,100
12591,100,100
12592,100,100
12593,100,100
12594,100,100
12595,100,100
12596,100,100
12597,100,100
12598,100,100
12599,100,100
12600,100,100
12601,100,100
12602,100,100
12603,100,100
12604,100,100
12605,100,100
12606,100,100
12607,100,100
12608,100,100
12609,100,100
12610,100,100
12611,100,100
12612,100,100
12613,100,100
12614,100,100
12615,100,100
12616,100,100
12617,100,100
12618,100,100
12619,100,100
12620,100,100
12621,100,100
12622,100,100
12623,100,100
12624,100,100
12625,100,100
12626,100,100
12627,100,100
12628,100,100
12629,100,100
12630,100,100
12631,100,100
12632,100,100
12633,100,100
12634,100,100
12635,100,100
12636,100,100
12637,100,100
12638,100,100
12639,100,100
12640,100,100
12641,100,100
12642,100,100
12643,100,100
12644,100,100
12645,100,100
12646,100,100
12647,100,100
12648,100,100
12649,100,100
12650,100,100
12651,100,100
12652,100,100
12653,100,100
12654,100,100
12655,100,100
12656,100,100
12657,100,100
12658,100,100
12659,100,100
12660,100,100
12661,100,100
12662,100,100
12663,100,100
12664,100,100
12665,100,100
12666,100,100
12667,100,100
12668,100,100
12669,100,100
12670,100,100
12671,100,100
12672,100,100
12673,100,100
12674,100,100
12675,100,100
12676,100,100
12677,100,100
12678,100,100
12679,100,100
12680,100,100
12681,100,100
12682,100,100
12683,100,100
12684,100,100
12685,100,100
12686,100,100
12687,100,100
12688,100,100
12689,100,100
12690,100,100
12691,100,100
12692,100,100
12693,100,100
12694,100,100
12695,100,100
12696,100,100
12697,100,100
12698,100,100
12699,100,100
12700,100,100
12701,100,100
12702,100,100
12703,100,100
12704,100,100
12705,100,100
12706,100,100
12707,100,100
12708,100,100
12709,100,100
12710,100,100
12711,100,100
12712,100,100
12713,100,100
12714,100,100
12715,100,100
12716,100,100
12717,100,100
12718,100,100
12719,100,100
12720,100,100
12721,100,100
12722,100,100
12723,100,100
12724,100,100
12725,100,100
12726,100,100
12727,100,100
12728,100,100
12729,100,100
12730,100,100
12731,100,100
12732,100,100
12733,100,100
12734,100,100
12735,100,100
12736,100,100
12737,100,100
12738,100,100
12739,100,100
12740,100,100
12741,100,100
12742,100,100
12743,100,100
12744,100,100
12745,100,100
12746,100,100
12747,100,100
12748,100,100
12749,100,100
12750,100,100
12751,100,100
12752,100,100
12753,100,100
12754,100,100
12755,100,100
12756,100,100
12757,100,100
12758,100,100
12759,100,100
12760,100,100
12761,100,100
12762,100,100
12763,100,100
12764,100,100
12765,100,100
12766,100,100
12767,100,100
12768,100,100
12769,100,100
12770,100,100
12771,100,100
12772,100,100
12773,100,100
12774,100,100
12775,100,100
12776,100,100
12777,100,100
12778,100,100
12779,100,100
12780,100,100
12781,100,100
12782,100,100
12783,100,100
12784,100,100
12785,100,100
12786,100,100
12787,100,100
12788,100,100
12789,100,100
12790,100,100
12791,100,100
12792,100,100
12793,100,100
12794,100,100
12795,100,100
12796,100,100
12797,100,100
12798,100,100
12799,100,100
12800,100,100
12801,100,100
12802,100,100
12803,100,100
12804,100,100
12805,100,100
12806,100,100
12807,100,100
12808,100,100
12809,100,100
12810,100,100
12811,100,100
12812,100,100
12813,100,100
12814,100,100
12815,100,100
12816,100,100
12817,100,100
12818,100,100
12819,100,100
12820,100,100
12821,100,100
12822,100,100
12823,100,100
12824,100,100
12825,100,100
12826,100,100
12827,100,100
12828,100,100
12829,100,100
12830,100,100
12831,100,100
12832,100,100
12833,100,100
12834,100,100
12835,100,100
12836,100,100
12837,100,100
12838,100,100
12839,100,100
12840,100,100
12841,100,100
12842,100,100
12843,100,100
12844,100,100
12845,100,100
12846,100,100
12847,100,100
12848,100,100
12849,100,100
12850,100,100
12851,100,100
12852,100,100
12853,100,100
12854,100,100
12855,100,100
12856,100,100
12857,100,100
12858,100,100
12859,100,100
12860,100,100
12861,100,100
12862,100,100
12863,100,100
12864,100,100
12865,100,100
12866,100,100
12867,100,100
12868,100,100
12869,100,100
12870,100,100
12871,100,100
12872,100,100
12873,100,100
12874,100,100
12875,100,100
12876,100,100
12877,100,100
12878,100,100
12879,100,100
12880,100,100
12881,100,100
12882,100,100
12883,100,100
12884,100,100
12885,100,100
12886,100,100
12887,100,100
12888,100,100
12889,100,100
12890,100,100
12891,100,100
12892,100,100
12893,100,100
12894,100,100
12895,100,100
12896,100,100
12897,100,100
12898,100,100
12899,100,100
12900,100,100
12901,100,100
12902,100,100
12903,100,100
12904,100,100
12905,100,100
12906,100,100
12907,100,100
12908,100,100
12909,100,100
12910,100,100
12911,100,100
12912,100,100
12913,100,100
12914,100,100
12915,100,100
12916,100,100
12917,100,100
12918,100,100
12919,100,100
12920,100,100
12921,100,100
12922,100,100
12923,100,100
12924,100,100
12925,100,100
12926,100,100
12927,100,100
12928,100,100
12929,100,100
12930,100,100
12931,100,100
12932,100,100
12933,100,100
12934,100,100
12935,100,100
12936,100,100
12937,100,100
12938,100,100
12939,100,100
12940,100,100
12941,100,100
12942,100,100
12943,100,100
12944,100,100
12945,100,100
12946,100,100
12947,100,100
12948,100,100
12949,100,100
12950,100,100
12951,100,100
12952,100,100
12953,100,100
12954,100,100
12955,100,100
12956,100,100
12957,100,100
12958,100,100
12959,100,100
12960,100,100
12961,100,100
12962,100,100
12963,100,100
12964,100,100
12965,100,100
12966,100,100
12967,100,100
12968,100,100
12969,100,100
12970,100,100
12971,100,100
12972,100,100
12973,100,100
12974,100,100
12975,100,100
12976,100,100
12977,100,100
12978,100,100
12979,100,100
12980,100,100
12981,100,100
12982,100,100
12983,100,100
12984,100,100
12985,100,100
12986,100,100
12987,100,100
12988,100,100
12989,100,100
12990,100,100
12991,100,100
12992,100,100
12993,100,100
12994,100,100
12995,100,100
12996,100,100
12997,100,100
12998,100,100
12999,100,100
13000,99,101
13001,99,101
13002,99,101
13003,99,101
13004,99,101
13005,99,101
13006,99,101
13007,99,101
13008,99,101
13009,99,101
13010,99,101
13011,99,101
13012,99,101
13013,99,101
13014,99,101
13015,99,101
13016,99,101
13017,99,101
13018,99,101
13019,99,101
13020,99,101
13021,99,101
13022,99,101
13023,99,101
13024,99,101
13025,99,101
13026,99,101
13027,99,101
13028,99,101
13029,99,101
13030,99,101
13031,99,101
13032,99,101
13033,99,101
13034,99,101
13035,99,101
13036,99,101
13037,99,101
13038,99,101
13039,99,101
13040,99,101
13041,99,101
13042,99,101
13043,99,101
13044,99,101
13045,99,101
13046,99,101
13047,99,101
13048,99,101
13049,99,101
13050,99,101
13051,99,101
13052,99,101
13053,99,101
13054,99,101
13055,99,101
13056,99,101
13057,99,101
13058,99,101
13059,99,101
13060,99,101
13061,99,101
13062,99,101
13063,99,101
13064,99,101
13065,99,101
13066,99,101
13067,99,101
13068,99,101
13069,99,101
13070,99,101
13071,99,101
13072,99,101
13073,99,101
13074,99,101
13075,99,101
13076,99,101
13077,99,101
13078,99,101
13079,99,101
13080,99,101
13081,99,101
13082,99,101
13083,99,101
13084,99,101
13085,99,101
13086,99,101
13087,99,101
13088,99,101
13089,99,101
13090,99,101
13091,99,101
13092,99,101
13093,99,101
13094,99,101
13095,99,101
13096,99,101
13097,99,101
13098,99,101
13099,99,101
13100,100,100
13101,100,100
13102,100,100
13103,100,100
13104,100,100
13105,100,100
13106,100,100
13107,100,100
13108,100,100
13109,100,100
13110,100,100
13111,100,100
13112,100,100
13113,100,100
13114,100,100
13115,100,100
13116,100,100
13117,100,100
13118,100,100
13119,100,100
13120,100,100
13121,100,100
13122,100,100
13123,100,100
13124,100,100
13125,100,100
13126,100,100
13127,100,100
13128,100,100
13129,100,100
13130,100,100
13131,100,100
13132,100,100
13133,100,100
13134,100,100
13135,100,100
13136,100,100
13137,100,100
13138,100,100
13139,100,100
13140,100,100
13141,100,100
13142,100,100
13143,100,100
13144,100,100
13145,100,100
13146,100,100
13147,100,100
13148,100,100
13149,100,100
13150,100,100
13151,100,100
13152,100,100
13153,100,100
13154,100,100
13155,100,100
13156,100,100
13157,100,100
13158,100,100
13159,100,100
13160,100,100
13161,100,100
13162,100,100
13163,100,100
13164,100,100
13165,100,100
13166,100,100
13167,100,100
13168,100,100
13169,100,100
13170,100,100
13171,100,100
13172,100,100
13173,100,100
13174,100,100
13175,100,100
13176,100,100
13177,100,100
13178,100,100
13179,100,100
13180,100,100
13181,100,100
13182,100,100
13183,100,100
13184,100,100
13185,100,100
13186,100,100
13187,100,100
13188,100,100
13189,100,100
13190,100,100
13191,100,100
13192,100,100
13193,100,100
13194,100,100
13195,100,100
13196,100,100
13197,100,100
13198,100,100
13199,100,100
13200,100,100
13201,100,100
13202,100,100
13203,100,100
13204,100,100
13205,100,100
13206,100,100
13207,100,100
13208,100,100
13209,100,100
13210,100,100
13211,100,100
13212,100,100
13213,100,100
13214,100,100
13215,100,100
13216,100,100
13217,100,100
13218,100,100
13219,100,100
13220,100,100
13221,100,100
13222,100,100
13223,100,100
13224,100,100
13225,100,100
13226,100,100
13227,100,100
13228,100,100
13229,100,100
13230,100,100
13231,100,100
13232,100,100
13233,100,100
13234,100,100
13235,100,100
13236,100,100
13237,100,100
13238,100,100
13239,100,100
13240,100,100
13241,100,100
13242,100,100
13243,100,100
13244,100,100
13245,100,100
13246,100,100
13247,100,100
13248,100,100
13249,100,100
13250,100,100
13251,100,100
13252,100,100
13253,100,100
13254,100,100
13255,100,100
13256,100,100
13257,100,100
13258,100,100
13259,100,100
13260,100,100
13261,100,100
13262,100,100
13263,100,100
13264,100,100
13265,100,100
13266,100,100
13267,100,100
13268,100,100
13269,100,100
13270,100,100
13271,100,100
13272,100,100
13273,100,100
13274,100,100
13275,100,100
13276,100,100
13277,100,100
13278,100,100
13279,100,100
13280,100,100
13281,100,100
13282,100,100
13283,100,100
13284,100,100
13285,100,100
13286,100,100
13287,100,100
13288,100,100
13289,100,100
13290,100,100
13291,100,100
13292,100,100
13293,100,100
13294,100,100
13295,100,100
13296,100,100
13297,100,100
13298,100,100
13299,100,100
13300,100,100
13301,100,100
13302,100,100
13303,100,100
13304,100,100
13305,100,100
13306,100,100
13307,100,100
13308,100,100
13309,100,100
13310,100,100
13311,100,100
13312,100,100
13313,100,100
13314,100,100
13315,100,100
13316,100,100
13317,100,100
13318,100,100
13319,100,100
13320,100,100
13321,100,100
13322,100,100
13323,100,100
13324,100,100
13325,100,100
13326,100,100
13327,100,100
13328,100,100
13329,100,100
13330,100,100
13331,100,100
13332,100,100
13333,100,100
13334,100,100
13335,100,100
13336,100,100
13337,100,100
13338,100,100
13339,100,100
13340,100,100
13341,100,100
13342,100,100
13343,100,100
13344,100,100
13345,100,100
13346,100,100
13347,100,100
13348,100,100
13349,100,100
13350,100,100
13351,100,100
13352,100,100
13353,100,100
13354,100,100
13355,100,100
13356,100,100
13357,100,100
13358,100,100
13359,100,100
13360,100,100
13361,100,100
13362,100,100
13363,100,100
13364,100,100
13365,100,100
13366,100,100
13367,100,100
13368,100,100
13369,100,100
13370,100,100
13371,100,100
13372,100,100
13373,100,100
13374,100,100
13375,100,100
13376,100,100
13377,100,100
13378,100,100
13379,100,100
13380,100,100
13381,100,100
13382,100,100
13383,100,100
13384,100,100
13385,100,100
13386,100,100
13387,100,100
13388,100,100
13389,100,100
13390,100,100
13391,100,100
13392,100,100
13393,100,100
13394,100,100
13395,100,100
13396,100,100
13397,100,100
13398,100,100
13399,100,100
13400,100,100
13401,100,100
13402,100,100
13403,100,100
13404,100,100
13405,100,100
13406,100,100
13407,100,100
13408,100,100
13409,100,100
13410,100,100
13411,100,100
13412,100,100
13413,100,100
13414,100,100
13415,100,100
13416,100,100
13417,100,100
13418,100,100
13419,100,100
13420,100,100
13421,100,100
13422,100,100
13423,100,100
13424,100,100
13425,100,100
13426,100,100
13427,100,100
13428,100,100
13429,100,100
13430,100,100
13431,100,100
13432,100,100
13433,100,100
13434,100,100
13435,100,100
13436,100,100
13437,100,100
13438,100,100
13439,100,100
13440,100,100
13441,100,100
13442,100,100
13443,100,100
13444,100,100
13445,100,100
13446,100,100
13447,100,100
13448,100,100
13449,100,100
13450,100,100
13451,100,100
13452,100,100
13453,100,100
13454,100,100
13455,100,100
13456,100,100
13457,100,100
13458,100,100
13459,100,100
13460,100,100
13461,100,100
13462,100,100
13463,100,100
13464,100,100
13465,100,100
13466,100,100
13467,100,100
13468,100,100
13469,100,100
13470,100,100
13471,100,100
13472,100,100
13473,100,100
13474,100,100
13475,100,100
13476,100,100
13477,100,100
13478,100,100
13479,100,100
13480,100,100
13481,100,100
13482,100,100
13483,100,100
13484,100,100
13485,100,100
13486,100,100
13487,100,100
13488,100,100
13489,100,100
13490,100,100
13491,100,100
13492,100,100
13493,100,100
13494,100,100
13495,100,100
13496,100,100
13497,100,100
13498,100,100
13499,100,100
13500,100,100
13501,100,100
13502,100,100
13503,100,100
13504,100,100
13505,100,100
13506,100,100
13507,100,100
13508,100,100
13509,100,100
13510,100,100
13511,100,100
13512,100,100
13513,100,100
13514,100,100
13515,100,100
13516,100,100
13517,100,100
13518,100,100
13519,100,100
13520,100,100
13521,100,100
13522,100,100
13523,100,100
13524,100,100
13525,100,100
13526,100,100
13527,100,100
13528,100,100
13529,100,100
13530,100,100
13531,100,100
13532,100,100
13533,100,100
13534,100,100
13535,100,100
13536,100,100
13537,100,100
13538,100,100
13539,100,100
13540,100,100
13541,100,100
13542,100,100
13543,100,100
13544,100,100
13545,100,100
13546,100,100
13547,100,100
13548,100,100
13549,100,100
13550,100,100
13551,100,100
13552,100,100
13553,100,100
13554,100,100
13555,100,100
13556,100,100
13557,100,100
13558,100,100
13559,100,100
13560,100,100
13561,100,100
13562,100,100
13563,100,100
13564,100,100
13565,100,100
13566,100,100
13567,100,100
13568,100,100
13569,100,100
13570,100,100
13571,100,100
13572,100,100
13573,100,100
13574,100,100
13575,100,100
13576,100,100
13577,100,100
13578,100,100
13579,100,100
13580,100,100
13581,100,100
13582,100,100
13583,100,100
13584,100,100
13585,100,100
13586,100,100
13587,100,100
13588,100,100
13589,100,100
13590,100,100
13591,100,100
13592,100,100
13593,100,100
13594,100,100
13595,100,100
13596,100,100
13597,100,100
13598,100,100
13599,100,100
13600,100,100
13601,100,100
13602,100,100
13603,100,100
13604,100,100
13605,100,100
13606,100,100
13607,100,100
13608,100,100
13609,100,100
13610,100,100
13611,100,100
13612,100,100
13613,100,100
13614,100,100
13615,100,100
13616,100,100
13617,100,100
13618,100,100
13619,100,100
13620,100,100
13621,100,100
13622,100,100
13623,100,100
13624,100,100
13625,100,100
13626,100,100
13627,100,100
13628,100,100
13629,100,100
13630,100,100
13631,100,100
13632,100,100
13633,100,100
13634,100,100
13635,100,100
13636,100,100
13637,100,100
13638,100,100
13639,100,100
13640,100,100
13641,100,100
13642,100,100
13643,100,100
13644,100,100
13645,100,100
13646,100,100
13647,100,100
13648,100,100
13649,100,100
13650,100,100
13651,100,100
13652,100,100
13653,100,100
13654,100,100
13655,100,100
13656,100,100
13657,100,100
13658,100,100
13659,100,100
13660,100,100
13661,100,100
13662,100,100
13663,100,100
13664,100,100
13665,100,100
13666,100,100
13667,100,100
13668,100,100
13669,100,100
13670,100,100
13671,100,100
13672,100,100
13673,100,100
13674,100,100
13675,100,100
13676,100,100
13677,100,100
13678,100,100
13679,100,100
13680,100,100
13681,100,100
13682,100,100
13683,100,100
13684,100,100
13685,100,100
13686,100,100
13687,100,100
13688,100,100
13689,100,100
13690,100,100
13691,100,100
13692,100,100
13693,100,100
13694,100,100
13695,100,100
13696,100,100
13697,100,100
13698,100,100
13699,100,100
13700,100,100
13701,100,100
13702,100,100
13703,100,100
13704,100,100
13705,100,100
13706,100,100
13707,100,100
13708,100,100
13709,100,100
13710,100,100
13711,100,100
13712,100,100
13713,100,100
13714,100,100
13715,100,100
13716,100,100
13717,100,100
13718,100,100
13719,100,100
13720,100,100
13721,100,100
13722,100,100
13723,100,100
13724,100,100
13725,100,100
13726,100,100
13727,100,100
13728,100,100
13729,100,100
13730,100,100
13731,100,100
13732,100,100
13733,100,100
13734,100,100
13735,100,100
13736,100,100
13737,100,100
13738,100,100
13739,100,100
13740,100,100
13741,100,100
13742,100,100
13743,100,100
13744,100,100
13745,100,100
13746,100,100
13747,100,100
13748,100,100
13749,100,100
13750,100,100
13751,100,100
13752,100,100
13753,100,100
13754,100,100
13755,100,100
13756,100,100
13757,100,100
13758,100,100
13759,100,100
13760,100,100
13761,100,100
13762,100,100
13763,100,100
13764,100,100
13765,100,100
13766,100,100
13767,100,100
13768,100,100
13769,100,100
13770,100,100
13771,100,100
13772,100,100
13773,100,100
13774,100,100
13775,100,100
13776,100,100
13777,100,100
13778,100,100
13779,100,100
13780,100,100
13781,100,100
13782,100,100
13783,100,100
13784,100,100
13785,100,100
13786,100,100
13787,100,100
13788,100,100
13789,100,100
13790,100,100
13791,100,100
13792,100,100
13793,100,100
13794,100,100
13795,100,100
13796,100,100
13797,100,100
13798,100,100
13799,100,100
13800,100,100
13801,100,100
13802,100,100
13803,100,100
13804,100,100
13805,100,100
13806,100,100
13807,100,100
13808,100,100
13809,100,100
13810,100,100
13811,100,100
13812,100,100
13813,100,100
13814,100,100
13815,100,100
13816,100,100
13817,100,100
13818,100,100
13819,100,100
13820,100,100
13821,100,100
13822,100,100
13823,100,100
13824,100,100
13825,100,100
13826,100,100
13827,100,100
13828,100,100
13829,100,100
13830,100,100
13831,100,100
13832,100,100
13833,100,100
13834,100,100
13835,100,100
13836,100,100
13837,100,100
13838,100,100
13839,100,100
13840,100,100
13841,100,100
13842,100,100
13843,100,100
13844,100,100
13845,100,100
13846,100,100
13847,100,100
13848,100,100
13849,100,100
13850,100,100
13851,100,100
13852,100,100
13853,100,100
13854,100,100
13855,100,100
13856,100,100
13857,100,100
13858,100,100
13859,100,100
13860,100,100
13861,100,100
13862,100,100
13863,100,100
13864,100,100
13865,100,100
13866,100,100
13867,100,100
13868,100,100
13869,100,100
13870,100,100
13871,100,100
13872,100,100
13873,100,100
13874,100,100
13875,100,100
13876,100,100
13877,100,100
13878,100,100
13879,100,100
13880,100,100
13881,100,100
13882,100,100
13883,100,100
13884,100,100
13885,100,100
13886,100,100
13887,100,100
13888,100,100
13889,100,100
13890,100,100
13891,100,100
13892,100,100
13893,100,100
13894,100,100
13895,100,100
13896,100,100
13897,100,100
13898,100,100
13899,100,100
13900,100,100
13901,100,100
13902,100,100
13903,100,100
13904,100,100
13905,100,100
13906,100,100
13907,100,100
13908,100,100
13909,100,100
13910,100,100
13911,100,100
13912,100,100
13913,100,100
13914,100,100
13915,100,100
13916,100,100
13917,100,100
13918,100,100
13919,100,100
13920,100,100
13921,100,100
13922,100,100
13923,100,100
13924,100,100
13925,100,100
13926,100,100
13927,100,100
13928,100,100
13929,100,100
13930,100,100
13931,100,100
13932,100,100
13933,100,100
13934,100,100
13935,100,100
13936,100,100
13937,100,100
13938,100,100
13939,100,100
13940,100,100
13941,100,100
13942,100,100
13943,100,100
13944,100,100
13945,100,100
13946,100,100
13947,100,100
13948,100,100
13949,100,100
13950,100,100
13951,100,100
13952,100,100
13953,100,100
13954,100,100
13955,100,100
13956,100,100
13957,100,100
13958,100,100
13959,100,100
13960,100,100
13961,100,100
13962,100,100
13963,100,100
13964,100,100
13965,100,100
13966,100,100
13967,100,100
13968,100,100
13969,100,100
13970,100,100
13971,100,100
13972,100,100
13973,100,100
13974,100,100
13975,100,100
13976,100,100
13977,100,100
13978,100,100
13979,100,100
13980,100,100
13981,100,100
13982,100,100
13983,100,100
13984,100,100
13985,100,100
13986,100,100
13987,100,100
13988,100,100
13989,100,100
13990,100,100
13991,100,100
13992,100,100
13993,100,100
13994,100,100
13995,100,100
13996,100,100
13997,100,100
13998,100,100
13999,100,100
14000,100,100
14001,100,100
14002,100,100
14003,100,100
14004,100,100
14005,100,100
14006,100,100
14007,100,100
14008,100,100
14009,100,100
14010,100,100
14011,100,100
14012,100,100
14013,100,100
14014,100,100
14015,100,100
14016,100,100
14017,100,100
14018,100,100
14019,100,100
14020,100,100
14021,100,100
14022,100,100
14023,100,100
14024,100,100
14025,100,100
14026,100,100
14027,100,100
14028,100,100
14029,100,100
14030,100,100
14031,100,100
14032,100,100
14033,100,100
14034,100,100
14035,100,100
14036,100,100
14037,100,100
14038,100,100
14039,100,100
14040,100,100
14041,100,100
14042,100,100
14043,100,100
14044,100,100
14045,100,100
14046,100,100
14047,100,100
14048,100,100
14049,100,100
14050,100,100
14051,100,100
14052,100,100
14053,100,100
14054,100,100
14055,100,100
14056,100,100
14057,100,100
14058,100,100
14059,100,100
14060,100,100
14061,100,100
14062,100,100
14063,100,100
14064,100,100
14065,100,100
14066,100,100
14067,100,100
14068,100,100
14069,100,100
14070,100,100
14071,100,100
14072,100,100
14073,100,100
14074,100,100
14075,100,100
14076,100,100
14077,100,100
14078,100,100
14079,100,100
14080,100,100
14081,100,100
14082,100,100
14083,100,100
14084,100,100
14085,100,100
14086,100,100
14087,100,100
14088,100,100
14089,100,100
14090,100,100
14091,100,100
14092,100,100
14093,100,100
14094,100,100
14095,100,100
14096,100,100
14097,100,100
14098,100,100
14099,100,100
14100,100,100
14101,100,100
14102,100,100
14103,100,100
14104,100,100
14105,100,100
14106,100,100
14107,100,100
14108,100,100
14109,100,100
14110,100,100
14111,100,100
14112,100,100
14113,100,100
14114,100,100
14115,100,100
14116,100,100
14117,100,100
14118,100,100
14119,100,100
14120,100,100
14121,100,100
14122,100,100
14123,100,100
14124,100,100
14125,100,100
14126,100,100
14127,100,100
14128,100,100
14129,100,100
14130,100,100
14131,100,100
14132,100,100
14133,100,100
14134,100,100
14135,100,100
14136,100,100
14137,100,100
14138,100,100
14139,100,100
14140,100,100
14141,100,100
14142,100,100
14143,100,100
14144,100,100
14145,100,100
14146,100,100
14147,100,100
14148,100,100
14149,100,100
14150,100,100
14151,100,100
14152,100,100
14153,100,100
14154,100,100
14155,100,100
14156,100,100
14157,100,100
14158,100,100
14159,100,100
14160,100,100
14161,100,100
14162,100,100
14163,100,100
14164,100,100
14165,100,100
14166,100,100
14167,100,100
14168,100,100
14169,100,100
14170,100,100
14171,100,100
14172,100,100
14173,100,100
14174,100,100
14175,100,100
14176,100,100
14177,100,100
14178,100,100
14179,100,100
14180,100,100
14181,100,100
14182,100,100
14183,100,100
14184,100,100
14185,100,100
14186,100,100
14187,100,100
14188,100,100
14189,100,100
14190,100,100
14191,100,100
14192,100,100
14193,100,100
14194,100,100
14195,100,100
14196,100,100
14197,100,100
14198,100,100
14199,100,100
14200,100,100
14201,100,100
14202,100,100
14203,100,100
14204,100,100
14205,100,100
14206,100,100
14207,100,100
14208,100,100
14209,100,100
14210,100,100
14211,100,100
14212,100,100
14213,100,100
14214,100,100
14215,100,100
14216,100,100
14217,100,100
14218,100,100
14219,100,100
14220,100,100
14221,100,100
14222,100,100
14223,100,100
14224,100,100
14225,100,100
14226,100,100
14227,100,100
14228,100,100
14229,100,100
14230,100,100
14231,100,100
14232,100,100
14233,100,100
14234,100,100
14235,100,100
14236,100,100
14237,100,100
14238,100,100
14239,100,100
14240,100,100
14241,100,100
14242,100,100
14243,100,100
14244,100,100
14245,100,100
14246,100,100
14247,100,100
14248,100,100
14249,100,100
14250,100,100
14251,100,100
14252,100,100
14253,100,100
14254,100,100
14255,100,100
14256,100,100
14257,100,100
14258,100,100
14259,100,100
14260,100,100
14261,100,100
14262,100,100
14263,100,100
14264,100,100
14265,100,100
14266,100,100
14267,100,100
14268,100,100
14269,100,100
14270,100,100
14271,100,100
14272,100,100
14273,100,100
14274,100,100
14275,100,100
14276,100,100
14277,100,100
14278,100,100
14279,100,100
14280,100,100
14281,100,100
14282,100,100
14283,100,100
14284,100,100
14285,100,100
14286,100,100
14287,100,100
14288,100,100
14289,100,100
14290,100,100
14291,100,100
14292,100,100
14293,100,100
14294,100,100
14295,100,100
14296,100,100
14297,100,100
14298,100,100
14299,100,100
14300,100,100
14301,100,100
14302,100,100
14303,100,100
14304,100,100
14305,100,100
14306,100,100
14307,100,100
14308,100,100
14309,100,100
14310,100,100
14311,100,100
14312,100,100
14313,100,100
14314,100,100
14315,100,100
14316,100,100
14317,100,100
14318,100,100
14319,100,100
14320,100,100
14321,100,100
14322,100,100
14323,100,100
14324,100,100
14325,100,100
14326,100,100
14327,100,100
14328,100,100
14329,100,100
14330,100,100
14331,100,100
14332,100,100
14333,100,100
14334,100,100
14335,100,100
14336,100,100
14337,100,100
14338,100,100
14339,100,100
14340,100,100
14341,100,100
14342,100,100
14343,100,100
14344,100,100
14345,100,100
14346,100,100
14347,100,100
14348,100,100
14349,100,100
14350,100,100
14351,100,100
14352,100,100
14353,100,100
14354,100,100
14355,100,100
14356,100,100
14357,100,100
14358,100,100
14359,100,100
14360,100,100
14361,100,100
14362,100,100
14363,100,100
14364,100,100
14365,100,100
14366,100,100
14367,100,100
14368,100,100
14369,100,100
14370,100,100
14371,100,100
14372,100,100
14373,100,100
14374,100,100
14375,100,100
14376,100,100
14377,100,100
14378,100,100
14379,100,100
14380,100,100
14381,100,100
14382,100,100
14383,100,100
14384,100,100
14385,100,100
14386,100,100
14387,100,100
14388,100,100
14389,100,100
14390,100,100
14391,100,100
14392,100,100
14393,100,100
14394,100,100
14395,100,100
14396,100,100
14397,100,100
14398,100,100
14399,100,100
14400,100,100
14401,100,100
14402,100,100
14403,100,100
14404,100,100
14405,100,100
14406,100,100
14407,100,100
14408,100,100
14409,100,100
14410,100,100
14411,100,100
14412,100,100
14413,100,100
14414,100,100
14415,100,100
14416,100,100
14417,100,100
14418,100,100
14419,100,100
14420,100,100
14421,100,100
14422,100,100
14423,100,100
14424,100,100
14425,100,100
14426,100,100
14427,100,100
14428,100,100
14429,100,100
14430,100,100
14431,100,100
14432,100,100
14433,100,100
14434,100,100
14435,100,100
14436,100,100
14437,100,100
14438,100,100
14439,100,100
14440,100,100
14441,100,100
14442,100,100
14443,100,100
14444,100,100
14445,100,100
14446,100,100
14447,100,100
14448,100,100
14449,100,100
14450,100,100
14451,100,100
14452,100,100
14453,100,100
14454,100,100
14455,100,100
14456,100,100
14457,100,100
14458,100,100
14459,100,100
14460,100,100
14461,100,100
14462,100,100
14463,100,100
14464,100,100
14465,100,100
14466,100,100
14467,100,100
14468,100,100
14469,100,100
14470,100,100
14471,100,100
14472,100,100
14473,100,100
14474,100,100
14475,100,100
14476,100,100
14477,100,100
14478,100,100
14479,100,100
14480,100,100
14481,100,100
14482,100,100
14483,100,100
14484,100,100
14485,100,100
14486,100,100
14487,100,100
14488,100,100
14489,100,100
14490,100,100
14491,100,100
14492,100,100
14493,100,100
14494,100,100
14495,100,100
14496,100,100
14497,100,100
14498,100,100
14499,100,100
14500,99,101
14501,99,101
14502,99,101
14503,99,101
14504,99,101
14505,99,101
14506,99,101
14507,99,101
14508,99,101
14509,99,101
14510,99,101
14511,99,101
14512,99,101
14513,99,101
14514,99,101
14515,99,101
14516,99,101
14517,99,101
14518,99,101
14519,99,101
14520,99,101
14521,99,101
14522,99,101
14523,99,101
14524,99,101
14525,99,101
14526,99,101
14527,99,101
14528,99,101
14529,99,101
14530,99,101
14531,99,101
14532,99,101
14533,99,101
14534,99,101
14535,99,101
14536,99,101
14537,99,101
14538,99,101
14539,99,101
14540,99,101
14541,99,101
14542,99,101
14543,99,101
14544,99,101
14545,99,101
14546,99,101
14547,99,101
14548,99,101
14549,99,101
14550,99,101
14551,99,101
14552,99,101
14553,99,101
14554,99,101
14555,99,101
14556,99,101
14557,99,101
14558,99,101
14559,99,101
14560,99,101
14561,99,101
14562,99,101
14563,99,101
14564,99,101
14565,99,101
14566,99,101
14567,99,101
14568,99,101
14569,99,101
14570,99,101
14571,99,101
14572,99,101
14573,99,101
14574,99,101
14575,99,101
14576,99,101
14577,99,101
14578,99,101
14579,99,101
14580,99,101
14581,99,101
14582,99,101
14583,99,101
14584,99,101
14585,99,101
14586,99,101
14587,99,101
14588,99,101
14589,99,101
14590,99,101
14591,99,101
14592,99,101
14593,99,101
14594,99,101
14595,99,101
14596,99,101
14597,99,101
14598,99,101
14599,99,101
14600,99,101
14601,99,101
14602,99,101
14603,99,101
14604,99,101
14605,99,101
14606,99,101
14607,99,101
14608,99,101
14609,99,101
14610,99,101
14611,99,101
14612,99,101
14613,99,101
14614,99,101
14615,99,101
14616,99,101
14617,99,101
14618,99,101
14619,99,101
14620,99,101
14621,99,101
14622,99,101
14623,99,101
14624,99,101
14625,99,101
14626,99,101
14627,99,101
14628,99,101
14629,99,101
14630,99,101
14631,99,101
14632,99,101
14633,99,101
14634,99,101
14635,99,101
14636,99,101
14637,99,101
14638,99,101
14639,99,101
14640,99,101
14641,99,101
14642,99,101
14643,99,101
14644,99,101
14645,99,101
14646,99,101
14647,99,101
14648,99,101
14649,99,101
14650,99,101
14651,99,101
14652,99,101
14653,99,101
14654,99,101
14655,99,101
14656,99,101
14657,99,101
14658,99,101
14659,99,101
14660,99,101
14661,99,101
14662,99,101
14663,99,101
14664,99,101
14665,99,101
14666,99,101
14667,99,101
14668,99,101
14669,99,101
14670,99,101
14671,99,101
14672,99,101
14673,99,101
14674,99,101
14675,99,101
14676,99,101
14677,99,101
14678,99,101
14679,99,101
14680,99,101
14681,99,101
14682,99,101
14683,99,101
14684,99,101
14685,99,101
14686,99,101
14687,99,101
14688,99,101
14689,99,101
14690,99,101
14691,99,101
14692,99,101
14693,99,101
14694,99,101
14695,99,101
14696,99,101
14697,99,101
14698,99,101
14699,99,101
14700,99,101
14701,99,101
14702,99,101
14703,99,101
14704,99,101
14705,99,101
14706,99,101
14707,99,101
14708,99,101
14709,99,101
14710,99,101
14711,99,101
14712,99,101
14713,99,101
14714,99,101
14715,99,101
14716,99,101
14717,99,101
14718,99,101
14719,99,101
14720,99,101
14721,99,101
14722,99,101
14723,99,101
14724,99,101
14725,99,101
14726,99,101
14727,99,101
14728,99,101
14729,99,101
14730,99,101
14731,99,101
14732,99,101
14733,99,101
14734,99,101
14735,99,101
14736,99,101
14737,99,101
14738,99,101
14739,99,101
14740,99,101
14741,99,101
14742,99,101
14743,99,101
14744,99,101
14745,99,101
14746,99,101
14747,99,101
14748,99,101
14749,99,101
14750,99,101
14751,99,101
14752,99,101
14753,99,101
14754,99,101
14755,99,101
14756,99,101
14757,99,101
14758,99,101
14759,99,101
14760,99,101
14761,99,101
14762,99,101
14763,99,101
14764,99,101
14765,99,101
14766,99,101
14767,99,101
14768,99,101
14769,99,101
14770,99,101
14771,99,101
14772,99,101
14773,99,101
14774,99,101
14775,99,101
14776,99,101
14777,99,101
14778,99,101
14779,99,101
14780,99,101
14781,99,101
14782,99,101
14783,99,101
14784,99,101
14785,99,101
14786,99,101
14787,99,101
14788,99,101
14789,99,101
14790,99,101
14791,99,101
14792,99,101
14793,99,101
14794,99,101
14795,99,101
14796,99,101
14797,99,101
14798,99,101
14799,99,101
14800,99,101
14801,99,101
14802,99,101
14803,99,101
14804,99,101
14805,99,101
14806,99,101
14807,99,101
14808,99,101
14809,99,101
14810,99,101
14811,99,101
14812,99,101
14813,99,101
14814,99,101
14815,99,101
14816,99,101
14817,99,101
14818,99,101
14819,99,101
14820,99,101
14821,99,101
14822,99,101
14823,99,101
14824,99,101
14825,99,101
14826,99,101
14827,99,101
14828,99,101
14829,99,101
14830,99,101
14831,99,101
14832,99,101
14833,99,101
14834,99,101
14835,99,101
14836,99,101
14837,99,101
14838,99,101
14839,99,101
14840,99,101
14841,99,101
14842,99,101
14843,99,101
14844,99,101
14845,99,101
14846,99,101
14847,99,101
14848,99,101
14849,99,101
14850,99,101
14851,99,101
14852,99,101
14853,99,101
14854,99,101
14855,99,101
14856,99,101
14857,99,101
14858,99,101
14859,99,101
14860,99,101
14861,99,101
14862,99,101
14863,99,101
14864,99,101
14865,99,101
14866,99,101
14867,99,101
14868,99,101
14869,99,101
14870,99,101
14871,99,101
14872,99,101
14873,99,101
14874,99,101
14875,99,101
14876,99,101
14877,99,101
14878,99,101
14879,99,101
14880,99,101
14881,99,101
14882,99,101
14883,99,101
14884,99,101
14885,99,101
14886,99,101
14887,99,101
14888,99,101
14889,99,101
14890,99,101
14891,99,101
14892,99,101
14893,99,101
14894,99,101
14895,99,101
14896,99,101
14897,99,101
14898,99,101
14899,99,101
14900,99,101
14901,99,101
14902,99,101
14903,99,101
14904,99,101
14905,99,101
14906,99,101
14907,99,101
14908,99,101
14909,99,101
14910,99,101
14911,99,101
14912,99,101
14913,99,101
14914,99,101
14915,99,101
14916,99,101
14917,99,101
14918,99,101
14919,99,101
14920,99,101
14921,99,101
14922,99,101
14923,99,101
14924,99,101
14925,99,101
14926,99,101
14927,99,101
14928,99,101
14929,99,101
14930,99,101
14931,99,101
14932,99,101
14933,99,101
14934,99,101
14935,99,101
14936,99,101
14937,99,101
14938,99,101
14939,99,101
14940,99,101
14941,99,101
14942,99,101
14943,99,101
14944,99,101
14945,99,101
14946,99,101
14947,99,101
14948,99,101
14949,99,101
14950,99,101
14951,99,101
14952,99,101
14953,99,101
14954,99,101
14955,99,101
14956,99,101
14957,99,101
14958,99,101
14959,99,101
14960,99,101
14961,99,101
14962,99,101
14963,99,101
14964,99,101
14965,99,101
14966,99,101
14967,99,101
14968,99,101
14969,99,101
14970,99,101
14971,99,101
14972,99,101
14973,99,101
14974,99,101
14975,99,101
14976,99,101
14977,99,101
14978,99,101
14979,99,101
14980,99,101
14981,99,101
14982,99,101
14983,99,101
14984,99,101
14985,99,101
14986,99,101
14987,99,101
14988,99,101
14989,99,101
14990,99,101
14991,99,101
14992,99,101
14993,99,101
14994,99,101
14995,99,101
14996,99,101
14997,99,101
14998,99,101
14999,99,101
15000,99,101
15001,99,101
15002,99,101
15003,99,101
15004,99,101
15005,99,101
15006,99,101
15007,99,101
15008,99,101
15009,99,101
15010,99,101
15011,99,101
15012,99,101
15013,99,101
15014,99,101
15015,99,101
15016,99,101
15017,99,101
15018,99,101
15019,99,101
15020,99,101
15021,99,101
15022,99,101
15023,99,101
15024,99,101
15025,99,101
15026,99,101
15027,99,101
15028,99,101
15029,99,101
15030,99,101
15031,99,101
15032,99,101
15033,99,101
15034,99,101
15035,99,101
15036,99,101
15037,99,101
15038,99,101
15039,99,101
15040,99,101
15041,99,101
15042,99,101
15043,99,101
15044,99,101
15045,99,101
15046,99,101
15047,99,101
15048,99,101
15049,99,101
15050,99,101
15051,99,101
15052,99,101
15053,99,101
15054,99,101
15055,99,101
15056,99,101
15057,99,101
15058,99,101
15059,99,101
15060,99,101
15061,99,101
15062,99,101
15063,99,101
15064,99,101
15065,99,101
15066,99,101
15067,99,101
15068,99,101
15069,99,101
15070,99,101
15071,99,101
15072,99,101
15073,99,101
15074,99,101
15075,99,101
15076,99,101
15077,99,101
15078,99,101
15079,99,101
15080,99,101
15081,99,101
15082,99,101
15083,99,101
15084,99,101
15085,99,101
15086,99,101
15087,99,101
15088,99,101
15089,99,101
15090,99,101
15091,99,101
15092,99,101
15093,99,101
15094,99,101
15095,99,101
15096,99,101
15097,99,101
15098,99,101
15099,99,101
15100,99,101
15101,99,101
15102,99,101
15103,99,101
15104,99,101
15105,99,101
15106,99,101
15107,99,101
15108,99,101
15109,99,101
15110,99,101
15111,99,101
15112,99,101
15113,99,101
15114,99,101
15115,99,101
15116,99,101
15117,99,101
15118,99,101
15119,99,101
15120,99,101
15121,99,101
15122,99,101
15123,99,101
15124,99,101
15125,99,101
15126,99,101
15127,99,101
15128,99,101
15129,99,101
15130,99,101
15131,99,101
15132,99,101
15133,99,101
15134,99,101
15135,99,101
15136,99,101
15137,99,101
15138,99,101
15139,99,101
15140,99,101
15141,99,101
15142,99,101
15143,99,101
15144,99,101
15145,99,101
15146,99,101
15147,99,101
15148,99,101
15149,99,101
15150,99,101
15151,99,101
15152,99,101
15153,99,101
15154,99,101
15155,99,101
15156,99,101
15157,99,101
15158,99,101
15159,99,101
15160,99,101
15161,99,101
15162,99,101
15163,99,101
15164,99,101
15165,99,101
15166,99,101
15167,99,101
15168,99,101
15169,99,101
15170,99,101
15171,99,101
15172,99,101
15173,99,101
15174,99,101
15175,99,101
15176,99,101
15177,99,101
15178,99,101
15179,99,101
15180,99,101
15181,99,101
15182,99,101
15183,99,101
15184,99,101
15185,99,101
15186,99,101
15187,99,101
15188,99,101
15189,99,101
15190,99,101
15191,99,101
15192,99,101
15193,99,101
15194,99,101
15195,99,101
15196,99,101
15197,99,101
15198,99,101
15199,99,101
15200,98,102
15201,98,102
15202,98,102
15203,98,102
15204,98,102
15205,98,102
15206,98,102
15207,98,102
15208,98,102
15209,98,102
15210,98,102
15211,98,102
15212,98,102
15213,98,102
15214,98,102
15215,98,102
15216,98,102
15217,98,102
15218,98,102
15219,98,102
15220,98,102
15221,98,102
15222,98,102
15223,98,102
15224,98,102
15225,98,102
15226,98,102
15227,98,102
15228,98,102
15229,98,102
15230,98,102
15231,98,102
15232,98,102
15233,98,102
15234,98,102
15235,98,102
15236,98,102
15237,98,102
15238,98,102
15239,98,102
15240,98,102
15241,98,102
15242,98,102
15243,98,102
15244,98,102
15245,98,102
15246,98,102
15247,98,102
15248,98,102
15249,98,102
15250,98,102
15251,98,102
15252,98,102
15253,98,102
15254,98,102
15255,98,102
15256,98,102
15257,98,102
15258,98,102
15259,98,102
15260,98,102
15261,98,102
15262,98,102
15263,98,102
15264,98,102
15265,98,102
15266,98,102
15267,98,102
15268,98,102
15269,98,102
15270,98,102
15271,98,102
15272,98,102
15273,98,102
15274,98,102
15275,98,102
15276,98,102
15277,98,102
15278,98,102
15279,98,102
15280,98,102
15281,98,102
15282,98,102
15283,98,102
15284,98,102
15285,98,102
15286,98,102
15287,98,102
15288,98,102
15289,98,102
15290,98,102
15291,98,102
15292,98,102
15293,98,102
15294,98,102
15295,98,102
15296,98,102
15297,98,102
15298,98,102
15299,98,102
15300,99,101
15301,99,101
15302,99,101
15303,99,101
15304,99,101
15305,99,101
15306,99,101
15307,99,101
15308,99,101
15309,99,101
15310,99,101
15311,99,101
15312,99,101
15313,99,101
15314,99,101
15315,99,101
15316,99,101
15317,99,101
15318,99,101
15319,99,101
15320,99,101
15321,99,101
15322,99,101
15323,99,101
15324,99,101
15325,99,101
15326,99,101
15327,99,101
15328,99,101
15329,99,101
15330,99,101
15331,99,101
15332,99,101
15333,99,101
15334,99,101
15335,99,101
15336,99,101
15337,99,101
15338,99,101
15339,99,101
15340,99,101
15341,99,101
15342,99,101
15343,99,101
15344,99,101
15345,99,101
15346,99,101
15347,99,101
15348,99,101
15349,99,101
15350,99,101
15351,99,101
15352,99,101
15353,99,101
15354,99,101
15355,99,101
15356,99,101
15357,99,101
15358,99,101
15359,99,101
15360,99,101
15361,99,101
15362,99,101
15363,99,101
15364,99,101
15365,99,101
15366,99,101
15367,99,101
15368,99,101
15369,99,101
15370,99,101
15371,99,101
15372,99,101
15373,99,101
15374,99,101
15375,99,101
15376,99,101
15377,99,101
15378,99,101
15379,99,101
15380,99,101
15381,99,101
15382,99,101
15383,99,101
15384,99,101
15385,99,101
15386,99,101
15387,99,101
15388,99,101
15389,99,101
15390,99,101
15391,99,101
15392,99,101
15393,99,101
15394,99,101
15395,99,101
15396,99,101
15397,99,101
15398,99,101
15399,99,101
15400,100,100
15401,100,100
15402,100,100
15403,100,100
15404,100,100
15405,100,100
15406,100,100
15407,100,100
15408,100,100
15409,100,100
15410,100,100
15411,100,100
15412,100,100
15413,100,100
15414,100,100
15415,100,100
15416,100,100
15417,100,100
15418,100,100
15419,100,100
15420,100,100
15421,100,100
15422,100,100
15423,100,100
15424,100,100
15425,100,100
15426,100,100
15427,100,100
15428,100,100
15429,100,100
15430,100,100
15431,100,100
15432,100,100
15433,100,100
15434,100,100
15435,100,100
15436,100,100
15437,100,100
15438,100,100
15439,100,100
15440,100,100
15441,100,100
15442,100,100
15443,100,100
15444,100,100
15445,100,100
15446,100,100
15447,100,100
15448,100,100
15449,100,100
15450,100,100
15451,100,100
15452,100,100
15453,100,100
15454,100,100
15455,100,100
15456,100,100
15457,100,100
15458,100,100
15459,100,100
15460,100,100
15461,100,100
15462,100,100
15463,100,100
15464,100,100
15465,100,100
15466,100,100
15467,100,100
15468,100,100
15469,100,100
15470,100,100
15471,100,100
15472,100,100
15473,100,100
15474,100,100
15475,100,100
15476,100,100
15477,100,100
15478,100,100
15479,100,100
15480,100,100
15481,100,100
15482,100,100
15483,100,100
15484,100,100
15485,100,100
15486,100,100
15487,100,100
15488,100,100
15489,100,100
15490,100,100
15491,100,100
15492,100,100
15493,100,100
15494,100,100
15495,100,100
15496,100,100
15497,100,100
15498,100,100
15499,100,100
15500,100,100
15501,100,100
15502,100,100
15503,100,100
15504,100,100
15505,100,100
15506,100,100
15507,100,100
15508,100,100
15509,100,100
15510,100,100
15511,100,100
15512,100,100
15513,100,100
15514,100,100
15515,100,100
15516,100,100
15517,100,100
15518,100,100
15519,100,100
15520,100,100
15521,100,100
15522,100,100
15523,100,100
15524,100,100
15525,100,100
15526,100,100
15527,100,100
15528,100,100
15529,100,100
15530,100,100
15531,100,100
15532,100,100
15533,100,100
15534,100,100
15535,100,100
15536,100,100
15537,100,100
15538,100,100
15539,100,100
15540,100,100
15541,100,100
15542,100,100
15543,100,100
15544,100,100
15545,100,100
15546,100,100
15547,100,100
15548,100,100
15549,100,100
15550,100,100
15551,100,100
15552,100,100
15553,100,100
15554,100,100
15555,100,100
15556,100,100
15557,100,100
15558,100,100
15559,100,100
15560,100,100
15561,100,100
15562,100,100
15563,100,100
15564,100,100
15565,100,100
15566,100,100
15567,100,100
15568,100,100
15569,100,100
15570,100,100
15571,100,100
15572,100,100
15573,100,100
15574,100,100
15575,100,100
15576,100,100
15577,100,100
15578,100,100
15579,100,100
15580,100,100
15581,100,100
15582,100,100
15583,100,100
15584,100,100
15585,100,100
15586,100,100
15587,100,100
15588,100,100
15589,100,100
15590,100,100
15591,100,100
15592,100,100
15593,100,100
15594,100,100
15595,100,100
15596,100,100
15597,100,100
15598,100,100
15599,100,100
15600,99,101
15601,99,101
15602,99,101
15603,99,101
15604,99,101
15605,99,101
15606,99,101
15607,99,101
15608,99,101
15609,99,101
15610,99,101
15611,99,101
15612,99,101
15613,99,101
15614,99,101
15615,99,101
15616,99,101
15617,99,101
15618,99,101
15619,99,101
15620,99,101
15621,99,101
15622,99,101
15623,99,101
15624,99,101
15625,99,101
15626,99,101
15627,99,101
15628,99,101
15629,99,101
15630,99,101
15631,99,101
15632,99,101
15633,99,101
15634,99,101
15635,99,101
15636,99,101
15637,99,101
15638,99,101
15639,99,101
15640,99,101
15641,99,101
15642,99,101
15643,99,101
15644,99,101
15645,99,101
15646,99,101
15647,99,101
15648,99,101
15649,99,101
15650,99,101
15651,99,101
15652,99,101
15653,99,101
15654,99,101
15655,99,101
15656,99,101
15657,99,101
15658,99,101
15659,99,101
15660,99,101
15661,99,101
15662,99,101
15663,99,101
15664,99,101
15665,99,101
15666,99,101
15667,99,101
15668,99,101
15669,99,101
15670,99,101
15671,99,101
15672,99,101
15673,99,101
15674,99,101
15675,99,101
15676,99,101
15677,99,101
15678,99,101
15679,99,101
15680,99,101
15681,99,101
15682,99,101
15683,99,101
15684,99,101
15685,99,101
15686,99,101
15687,99,101
15688,99,101
15689,99,101
15690,99,101
15691,99,101
15692,99,101
15693,99,101
15694,99,101
15695,99,101
15696,99,101
15697,99,101
15698,99,101
15699,99,101
15700,100,100
15701,100,100
15702,100,100
15703,100,100
15704,100,100
15705,100,100
15706,100,100
15707,100,100
15708,100,100
15709,100,100
15710,100,100
15711,100,100
15712,100,100
15713,100,100
15714,100,100
15715,100,100
15716,100,100
15717,100,100
15718,100,100
15719,100,100
15720,100,100
15721,100,100
15722,100,100
15723,100,100
15724,100,100
15725,100,100
15726,100,100
15727,100,100
15728,100,100
15729,100,100
15730,100,100
15731,100,100
15732,100,100
15733,100,100
15734,100,100
15735,100,100
15736,100,100
15737,100,100
15738,100,100
15739,100,100
15740,100,100
15741,100,100
15742,100,100
15743,100,100
15744,100,100
15745,100,100
15746,100,100
15747,100,100
15748,100,100
15749,100,100
15750,100,100
15751,100,100
15752,100,100
15753,100,100
15754,100,100
15755,100,100
15756,100,100
15757,100,100
15758,100,100
15759,100,100
15760,100,100
15761,100,100
15762,100,100
15763,100,100
15764,100,100
15765,100,100
15766,100,100
15767,100,100
15768,100,100
15769,100,100
15770,100,100
15771,100,100
15772,100,100
15773,100,100
15774,100,100
15775,100,100
15776,100,100
15777,100,100
15778,100,100
15779,100,100
15780,100,100
15781,100,100
15782,100,100
15783,100,100
15784,100,100
15785,100,100
15786,100,100
15787,100,100
15788,100,100
15789,100,100
15790,100,100
15791,100,100
15792,100,100
15793,100,100
15794,100,100
15795,100,100
15796,100,100
15797,100,100
15798,100,100
15799,100,100
15800,100,100
15801,100,100
15802,100,100
15803,100,100
15804,100,100
15805,100,100
15806,100,100
15807,100,100
15808,100,100
15809,100,100
15810,100,100
15811,100,100
15812,100,100
15813,100,100
15814,100,100
15815,100,100
15816,100,100
15817,100,100
15818,100,100
15819,100,100
15820,100,100
15821,100,100
15822,100,100
15823,100,100
15824,100,100
15825,100,100
15826,100,100
15827,100,100
15828,100,100
15829,100,100
15830,100,100
15831,100,100
15832,100,100
15833,100,100
15834,100,100
15835,100,100
15836,100,100
15837,100,100
15838,100,100
15839,100,100
15840,100,100
15841,100,100
15842,100,100
15843,100,100
15844,100,100
15845,100,100
15846,100,100
15847,100,100
15848,100,100
15849,100,100
15850,100,100
15851,100,100
15852,100,100
15853,100,100
15854,100,100
15855,100,100
15856,100,100
15857,100,100
15858,100,100
15859,100,100
15860,100,100
15861,100,100
15862,100,100
15863,100,100
15864,100,100
15865,100,100
15866,100,100
15867,100,100
15868,100,100
15869,100,100
15870,100,100
15871,100,100
15872,100,100
15873,100,100
15874,100,100
15875,100,100
15876,100,100
15877,100,100
15878,100,100
15879,100,100
15880,100,100
15881,100,100
15882,100,100
15883,100,100
15884,100,100
15885,100,100
15886,100,100
15887,100,100
15888,100,100
15889,100,100
15890,100,100
15891,100,100
15892,100,100
15893,100,100
15894,100,100
15895,100,100
15896,100,100
15897,100,100
15898,100,100
15899,100,100
15900,100,100
15901,100,100
15902,100,100
15903,100,100
15904,100,100
15905,100,100
15906,100,100
15907,100,100
15908,100,100
15909,100,100
15910,100,100
15911,100,100
15912,100,100
15913,100,100
15914,100,100
15915,100,100
15916,100,100
15917,100,100
15918,100,100
15919,100,100
15920,100,100
15921,100,100
15922,100,100
15923,100,100
15924,100,100
15925,100,100
15926,100,100
15927,100,100
15928,100,100
15929,100,100
15930,100,100
15931,100,100
15932,100,100
15933,100,100
15934,100,100
15935,100,100
15936,100,100
15937,100,100
15938,100,100
15939,100,100
15940,100,100
15941,100,100
15942,100,100
15943,100,100
15944,100,100
15945,100,100
15946,100,100
15947,100,100
15948,100,100
15949,100,100
15950,100,100
15951,100,100
15952,100,100
15953,100,100
15954,100,100
15955,100,100
15956,100,100
15957,100,100
15958,100,100
15959,100,100
15960,100,100
15961,100,100
15962,100,100
15963,100,100
15964,100,100
15965,100,100
15966,100,100
15967,100,100
15968,100,100
15969,100,100
15970,100,100
15971,100,100
15972,100,100
15973,100,100
15974,100,100
15975,100,100
15976,100,100
15977,100,100
15978,100,100
15979,100,100
15980,100,100
15981,100,100
15982,100,100
15983,100,100
15984,100,100
15985,100,100
15986,100,100
15987,100,100
15988,100,100
15989,100,100
15990,100,100
15991,100,100
15992,100,100
15993,100,100
15994,100,100
15995,100,100
15996,100,100
15997,100,100
15998,100,100
15999,100,100
16000,99,101
16001,99,101
16002,99,101
16003,99,101
16004,99,101
16005,99,101
16006,99,101
16007,99,101
16008,99,101
16009,99,101
16010,99,101
16011,99,101
16012,99,101
16013,99,101
16014,99,101
16015,99,101
16016,99,101
16017,99,101
16018,99,101
16019,99,101
16020,99,101
16021,99,101
16022,99,101
16023,99,101
16024,99,101
16025,99,101
16026,99,101
16027,99,101
16028,99,101
16029,99,101
16030,99,101
16031,99,101
16032,99,101
16033,99,101
16034,99,101
16035,99,101
16036,99,101
16037,99,101
16038,99,101
16039,99,101
16040,99,101
16041,99,101
16042,99,101
16043,99,101
16044,99,101
16045,99,101
16046,99,101
16047,99,101
16048,99,101
16049,99,101
16050,99,101
16051,99,101
16052,99,101
16053,99,101
16054,99,101
16055,99,101
16056,99,101
16057,99,101
16058,99,101
16059,99,101
16060,99,101
16061,99,101
16062,99,101
16063,99,101
16064,99,101
16065,99,101
16066,99,101
16067,99,101
16068,99,101
16069,99,101
16070,99,101
16071,99,101
16072,99,101
16073,99,101
16074,99,101
16075,99,101
16076,99,101
16077,99,101
16078,99,101
16079,99,101
16080,99,101
16081,99,101
16082,99,101
16083,99,101
16084,99,101
16085,99,101
16086,99,101
16087,99,101
16088,99,101
16089,99,101
16090,99,101
16091,99,101
16092,99,101
16093,99,101
16094,99,101
16095,99,101
16096,99,101
16097,99,101
16098,99,101
16099,99,101
16100,100,100
16101,100,100
16102,100,100
16103,100,100
16104,100,100
16105,100,100
16106,100,100
16107,100,100
16108,100,100
16109,100,100
16110,100,100
16111,100,100
16112,100,100
16113,100,100
16114,100,100
16115,100,100
16116,100,100
16117,100,100
16118,100,100
16119,100,100
16120,100,100
16121,100,100
16122,100,100
16123,100,100
16124,100,100
16125,100,100
16126,100,100
16127,100,100
16128,100,100
16129,100,100
16130,100,100
16131,100,100
16132,100,100
16133,100,100
16134,100,100
16135,100,100
16136,100,100
16137,100,100
16138,100,100
16139,100,100
16140,100,100
16141,100,100
16142,100,100
16143,100,100
16144,100,100
16145,100,100
16146,100,100
16147,100,100
16148,100,100
16149,100,100
16150,100,100
16151,100,100
16152,100,100
16153,100,100
16154,100,100
16155,100,100
16156,100,100
16157,100,100
16158,100,100
16159,100,100
16160,100,100
16161,100,100
16162,100,100
16163,100,100
16164,100,100
16165,100,100
16166,100,100
16167,100,100
16168,100,100
16169,100,100
16170,100,100
16171,100,100
16172,100,100
16173,100,100
16174,100,100
16175,100,100
16176,100,100
16177,100,100
16178,100,100
16179,100,100
16180,100,100
16181,100,100
16182,100,100
16183,100,100
16184,100,100
16185,100,100
16186,100,100
16187,100,100
16188,100,100
16189,100,100
16190,100,100
16191,100,100
16192,100,100
16193,100,100
16194,100,100
16195,100,100
16196,100,100
16197,100,100
16198,100,100
16199,100,100
16200,100,100
16201,100,100
16202,100,100
16203,100,100
16204,100,100
16205,100,100
16206,100,100
16207,100,100
16208,100,100
16209,100,100
16210,100,100
16211,100,100
16212,100,100
16213,100,100
16214,100,100
16215,100,100
16216,100,100
16217,100,100
16218,100,100
16219,100,100
16220,100,100
16221,100,100
16222,100,100
16223,100,100
16224,100,100
16225,100,100
16226,100,100
16227,100,100
16228,100,100
16229,100,100
16230,100,100
16231,100,100
16232,100,100
16233,100,100
16234,100,100
16235,100,100
16236,100,100
16237,100,100
16238,100,100
16239,100,100
16240,100,100
16241,100,100
16242,100,100
16243,100,100
16244,100,100
16245,100,100
16246,100,100
16247,100,100
16248,100,100
16249,100,100
16250,100,100
16251,100,100
16252,100,100
16253,100,100
16254,100,100
16255,100,100
16256,100,100
16257,100,100
16258,100,100
16259,100,100
16260,100,100
16261,100,100
16262,100,100
16263,100,100
16264,100,100
16265,100,100
16266,100,100
16267,100,100
16268,100,100
16269,100,100
16270,100,100
16271,100,100
16272,100,100
16273,100,100
16274,100,100
16275,100,100
16276,100,100
16277,100,100
16278,100,100
16279,100,100
16280,100,100
16281,100,100
16282,100,100
16283,100,100
16284,100,100
16285,100,100
16286,100,100
16287,100,100
16288,100,100
16289,100,100
16290,100,100
16291,100,100
16292,100,100
16293,100,100
16294,100,100
16295,100,100
16296,100,100
16297,100,100
16298,100,100
16299,100,100
16300,100,100
16301,100,100
16302,100,100
16303,100,100
16304,100,100
16305,100,100
16306,100,100
16307,100,100
16308,100,100
16309,100,100
16310,100,100
16311,100,100
16312,100,100
16313,100,100
16314,100,100
16315,100,100
16316,100,100
16317,100,100
16318,100,100
16319,100,100
16320,100,100
16321,100,100
16322,100,100
16323,100,100
16324,100,100
16325,100,100
16326,100,100
16327,100,100
16328,100,100
16329,100,100
16330,100,100
16331,100,100
16332,100,100
16333,100,100
16334,100,100
16335,100,100
16336,100,100
16337,100,100
16338,100,100
16339,100,100
16340,100,100
16341,100,100
16342,100,100
16343,100,100
16344,100,100
16345,100,100
16346,100,100
16347,100,100
16348,100,100
16349,100,100
16350,100,100
16351,100,100
16352,100,100
16353,100,100
16354,100,100
16355,100,100
16356,100,100
16357,100,100
16358,100,100
16359,100,100
16360,100,100
16361,100,100
16362,100,100
16363,100,100
16364,100,100
16365,100,100
16366,100,100
16367,100,100
16368,100,100
16369,100,100
16370,100,100
16371,100,100
16372,100,100
16373,100,100
16374,100,100
16375,100,100
16376,100,100
16377,100,100
16378,100,100
16379,100,100
16380,100,100
16381,100,100
16382,100,100
16383,100,100
16384,100,100
16385,100,100
16386,100,100
16387,100,100
16388,100,100
16389,100,100
16390,100,100
16391,100,100
16392,100,100
16393,100,100
16394,100,100
16395,100,100
16396,100,100
16397,100,100
16398,100,100
16399,100,100
16400,100,100
16401,100,100
16402,100,100
16403,100,100
16404,100,100
16405,100,100
16406,100,100
16407,100,100
16408,100,100
16409,100,100
16410,100,100
16411,100,100
16412,100,100
16413,100,100
16414,100,100
16415,100,100
16416,100,100
16417,100,100
16418,100,100
16419,100,100
16420,100,100
16421,100,100
16422,100,100
16423,100,100
16424,100,100
16425,100,100
16426,100,100
16427,100,100
16428,100,100
16429,100,100
16430,100,100
16431,100,100
16432,100,100
16433,100,100
16434,100,100
16435,100,100
16436,100,100
16437,100,100
16438,100,100
16439,100,100
16440,100,100
16441,100,100
16442,100,100
16443,100,100
16444,100,100
16445,100,100
16446,100,100
16447,100,100
16448,100,100
16449,100,100
16450,100,100
16451,100,100
16452,100,100
16453,100,100
16454,100,100
16455,100,100
16456,100,100
16457,100,100
16458,100,100
16459,100,100
16460,100,100
16461,100,100
16462,100,100
16463,100,100
16464,100,100
16465,100,100
16466,100,100
16467,100,100
16468,100,100
16469,100,100
16470,100,100
16471,100,100
16472,100,100
16473,100,100
16474,100,100
16475,100,100
16476,100,100
16477,100,100
16478,100,100
16479,100,100
16480,100,100
16481,100,100
16482,100,100
16483,100,100
16484,100,100
16485,100,100
16486,100,100
16487,100,100
16488,100,100
16489,100,100
16490,100,100
16491,100,100
16492,100,100
16493,100,100
16494,100,100
16495,100,100
16496,100,100
16497,100,100
16498,100,100
16499,100,100
16500,100,100
16501,100,100
16502,100,100
16503,100,100
16504,100,100
16505,100,100
16506,100,100
16507,100,100
16508,100,100
16509,100,100
16510,100,100
16511,100,100
16512,100,100
16513,100,100
16514,100,100
16515,100,100
16516,100,100
16517,100,100
16518,100,100
16519,100,100
16520,100,100
16521,100,100
16522,100,100
16523,100,100
16524,100,100
16525,100,100
16526,100,100
16527,100,100
16528,100,100
16529,100,100
16530,100,100
16531,100,100
16532,100,100
16533,100,100
16534,100,100
16535,100,100
16536,100,100
16537,100,100
16538,100,100
16539,100,100
16540,100,100
16541,100,100
16542,100,100
16543,100,100
16544,100,100
16545,100,100
16546,100,100
16547,100,100
16548,100,100
16549,100,100
16550,100,100
16551,100,100
16552,100,100
16553,100,100
16554,100,100
16555,100,100
16556,100,100
16557,100,100
16558,100,100
16559,100,100
16560,100,100
16561,100,100
16562,100,100
16563,100,100
16564,100,100
16565,100,100
16566,100,100
16567,100,100
16568,100,100
16569,100,100
16570,100,100
16571,100,100
16572,100,100
16573,100,100
16574,100,100
16575,100,100
16576,100,100
16577,100,100
16578,100,100
16579,100,100
16580,100,100
16581,100,100
16582,100,100
16583,100,100
16584,100,100
16585,100,100
16586,100,100
16587,100,100
16588,100,100
16589,100,100
16590,100,100
16591,100,100
16592,100,100
16593,100,100
16594,100,100
16595,100,100
16596,100,100
16597,100,100
16598,100,100
16599,100,100
16600,100,100
16601,100,100
16602,100,100
16603,100,100
16604,100,100
16605,100,100
16606,100,100
16607,100,100
16608,100,100
16609,100,100
16610,100,100
16611,100,100
16612,100,100
16613,100,100
16614,100,100
16615,100,100
16616,100,100
16617,100,100
16618,100,100
16619,100,100
16620,100,100
16621,100,100
16622,100,100
16623,100,100
16624,100,100
16625,100,100
16626,100,100
16627,100,100
16628,100,100
16629,100,100
16630,100,100
16631,100,100
16632,100,100
16633,100,100
16634,100,100
16635,100,100
16636,100,100
16637,100,100
16638,100,100
16639,100,100
16640,100,100
16641,100,100
16642,100,100
16643,100,100
16644,100,100
16645,100,100
16646,100,100
16647,100,100
16648,100,100
16649,100,100
16650,100,100
16651,100,100
16652,100,100
16653,100,100
16654,100,100
16655,100,100
16656,100,100
16657,100,100
16658,100,100
16659,100,100
16660,100,100
16661,100,100
16662,100,100
16663,100,100
16664,100,100
16665,100,100
16666,100,100
16667,100,100
16668,100,100
16669,100,100
16670,100,100
16671,100,100
16672,100,100
16673,100,100
16674,100,100
16675,100,100
16676,100,100
16677,100,100
16678,100,100
16679,100,100
16680,100,100
16681,100,100
16682,100,100
16683,100,100
16684,100,100
16685,100,100
16686,100,100
16687,100,100
16688,100,100
16689,100,100
16690,100,100
16691,100,100
16692,100,100
16693,100,100
16694,100,100
16695,100,100
16696,100,100
16697,100,100
16698,100,100
16699,100,100
16700,100,100
16701,100,100
16702,100,100
16703,100,100
16704,100,100
16705,100,100
16706,100,100
16707,100,100
16708,100,100
16709,100,100
16710,100,100
16711,100,100
16712,100,100
16713,100,100
16714,100,100
16715,100,100
16716,100,100
16717,100,100
16718,100,100
16719,100,100
16720,100,100
16721,100,100
16722,100,100
16723,100,100
16724,100,100
16725,100,100
16726,100,100
16727,100,100
16728,100,100
16729,100,100
16730,100,100
16731,100,100
16732,100,100
16733,100,100
16734,100,100
16735,100,100
16736,100,100
16737,100,100
16738,100,100
16739,100,100
16740,100,100
16741,100,100
16742,100,100
16743,100,100
16744,100,100
16745,100,100
16746,100,100
16747,100,100
16748,100,100
16749,100,100
16750,100,100
16751,100,100
16752,100,100
16753,100,100
16754,100,100
16755,100,100
16756,100,100
16757,100,100
16758,100,100
16759,100,100
16760,100,100
16761,100,100
16762,100,100
16763,100,100
16764,100,100
16765,100,100
16766,100,100
16767,100,100
16768,100,100
16769,100,100
16770,100,100
16771,100,100
16772,100,100
16773,100,100
16774,100,100
16775,100,100
16776,100,100
16777,100,100
16778,100,100
16779,100,100
16780,100,100
16781,100,100
16782,100,100
16783,100,100
16784,100,100
16785,100,100
16786,100,100
16787,100,100
16788,100,100
16789,100,100
16790,100,100
16791,100,100
16792,100,100
16793,100,100
16794,100,100
16795,100,100
16796,100,100
16797,100,100
16798,100,100
16799,100,100
16800,100,100
16801,100,100
16802,100,100
16803,100,100
16804,100,100
16805,100,100
16806,100,100
16807,100,100
16808,100,100
16809,100,100
16810,100,100
16811,100,100
16812,100,100
16813,100,100
16814,100,100
16815,100,100
16816,100,100
16817,100,100
16818,100,100
16819,100,100
16820,100,100
16821,100,100
16822,100,100
16823,100,100
16824,100,100
16825,100,100
16826,100,100
16827,100,100
16828,100,100
16829,100,100
16830,100,100
16831,100,100
16832,100,100
16833,100,100
16834,100,100
16835,100,100
16836,100,100
16837,100,100
16838,100,100
16839,100,100
16840,100,100
16841,100,100
16842,100,100
16843,100,100
16844,100,100
16845,100,100
16846,100,100
16847,100,100
16848,100,100
16849,100,100
16850,100,100
16851,100,100
16852,100,100
16853,100,100
16854,100,100
16855,100,100
16856,100,100
16857,100,100
16858,100,100
16859,100,100
16860,100,100
16861,100,100
16862,100,100
16863,100,100
16864,100,100
16865,100,100
16866,100,100
16867,100,100
16868,100,100
16869,100,100
16870,100,100
16871,100,100
16872,100,100
16873,100,100
16874,100,100
16875,100,100
16876,100,100
16877,100,100
16878,100,100
16879,100,100
16880,100,100
16881,100,100
16882,100,100
16883,100,100
16884,100,100
16885,100,100
16886,100,100
16887,100,100
16888,100,100
16889,100,100
16890,100,100
16891,100,100
16892,100,100
16893,100,100
16894,100,100
16895,100,100
16896,100,100
16897,100,100
16898,100,100
16899,100,100
16900,100,100
16901,100,100
16902,100,100
16903,100,100
16904,100,100
16905,100,100
16906,100,100
16907,100,100
16908,100,100
16909,100,100
16910,100,100
16911,100,100
16912,100,100
16913,100,100
16914,100,100
16915,100,100
16916,100,100
16917,100,100
16918,100,100
16919,100,100
16920,100,100
16921,100,100
16922,100,100
16923,100,100
16924,100,100
16925,100,100
16926,100,100
16927,100,100
16928,100,100
16929,100,100
16930,100,100
16931,100,100
16932,100,100
16933,100,100
16934,100,100
16935,100,100
16936,100,100
16937,100,100
16938,100,100
16939,100,100
16940,100,100
16941,100,100
16942,100,100
16943,100,100
16944,100,100
16945,100,100
16946,100,100
16947,100,100
16948,100,100
16949,100,100
16950,100,100
16951,100,100
16952,100,100
16953,100,100
16954,100,100
16955,100,100
16956,100,100
16957,100,100
16958,100,100
16959,100,100
16960,100,100
16961,100,100
16962,100,100
16963,100,100
16964,100,100
16965,100,100
16966,100,100
16967,100,100
16968,100,100
16969,100,100
16970,100,100
16971,100,100
16972,100,100
16973,100,100
16974,100,100
16975,100,100
16976,100,100
16977,100,100
16978,100,100
16979,100,100
16980,100,100
16981,100,100
16982,100,100
16983,100,100
16984,100,100
16985,100,100
16986,100,100
16987,100,100
16988,100,100
16989,100,100
16990,100,100
16991,100,100
16992,100,100
16993,100,100
16994,100,100
16995,100,100
16996,100,100
16997,100,100
16998,100,100
16999,100,100
17000,100,100
17001,100,100
17002,100,100
17003,100,100
17004,100,100
17005,100,100
17006,100,100
17007,100,100
17008,100,100
17009,100,100
17010,100,100
17011,100,100
17012,100,100
17013,100,100
17014,100,100
17015,100,100
17016,100,100
17017,100,100
17018,100,100
17019,100,100
17020,100,100
17021,100,100
17022,100,100
17023,100,100
17024,100,100
17025,100,100
17026,100,100
17027,100,100
17028,100,100
17029,100,100
17030,100,100
17031,100,100
17032,100,100
17033,100,100
17034,100,100
17035,100,100
17036,100,100
17037,100,100
17038,100,100
17039,100,100
17040,100,100
17041,100,100
17042,100,100
17043,100,100
17044,100,100
17045,100,100
17046,100,100
17047,100,100
17048,100,100
17049,100,100
17050,100,100
17051,100,100
17052,100,100
17053,100,100
17054,100,100
17055,100,100
17056,100,100
17057,100,100
17058,100,100
17059,100,100
17060,100,100
17061,100,100
17062,100,100
17063,100,100
17064,100,100
17065,100,100
17066,100,100
17067,100,100
17068,100,100
17069,100,100
17070,100,100
17071,100,100
17072,100,100
17073,100,100
17074,100,100
17075,100,100
17076,100,100
17077,100,100
17078,100,100
17079,100,100
17080,100,100
17081,100,100
17082,100,100
17083,100,100
17084,100,100
17085,100,100
17086,100,100
17087,100,100
17088,100,100
17089,100,100
17090,100,100
17091,100,100
17092,100,100
17093,100,100
17094,100,100
17095,100,100
17096,100,100
17097,100,100
17098,100,100
17099,100,100
17100,100,100
17101,100,100
17102,100,100
17103,100,100
17104,100,100
17105,100,100
17106,100,100
17107,100,100
17108,100,100
17109,100,100
17110,100,100
17111,100,100
17112,100,100
17113,100,100
17114,100,100
17115,100,100
17116,100,100
17117,100,100
17118,100,100
17119,100,100
17120,100,100
17121,100,100
17122,100,100
17123,100,100
17124,100,100
17125,100,100
17126,100,100
17127,100,100
17128,100,100
17129,100,100
17130,100,100
17131,100,100
17132,100,100
17133,100,100
17134,100,100
17135,100,100
17136,100,100
17137,100,100
17138,100,100
17139,100,100
17140,100,100
17141,100,100
17142,100,100
17143,100,100
17144,100,100
17145,100,100
17146,100,100
17147,100,100
17148,100,100
17149,100,100
17150,100,100
17151,100,100
17152,100,100
17153,100,100
17154,100,100
17155,100,100
17156,100,100
17157,100,100
17158,100,100
17159,100,100
17160,100,100
17161,100,100
17162,100,100
17163,100,100
17164,100,100
17165,100,100
17166,100,100
17167,100,100
17168,100,100
17169,100,100
17170,100,100
17171,100,100
17172,100,100
17173,100,100
17174,100,100
17175,100,100
17176,100,100
17177,100,100
17178,100,100
17179,100,100
17180,100,100
17181,100,100
17182,100,100
17183,100,100
17184,100,100
17185,100,100
17186,100,100
17187,100,100
17188,100,100
17189,100,100
17190,100,100
17191,100,100
17192,100,100
17193,100,100
17194,100,100
17195,100,100
17196,100,100
17197,100,100
17198,100,100
17199,100,100
17200,100,100
17201,100,100
17202,100,100
17203,100,100
17204,100,100
17205,100,100
17206,100,100
17207,100,100
17208,100,100
17209,100,100
17210,100,100
17211,100,100
17212,100,100
17213,100,100
17214,100,100
17215,100,100
17216,100,100
17217,100,100
17218,100,100
17219,100,100
17220,100,100
17221,100,100
17222,100,100
17223,100,100
17224,100,100
17225,100,100
17226,100,100
17227,100,100
17228,100,100
17229,100,100
17230,100,100
17231,100,100
17232,100,100
17233,100,100
17234,100,100
17235,100,100
17236,100,100
17237,100,100
17238,100,100
17239,100,100
17240,100,100
17241,100,100
17242,100,100
17243,100,100
17244,100,100
17245,100,100
17246,100,100
17247,100,100
17248,100,100
17249,100,100
17250,100,100
17251,100,100
17252,100,100
17253,100,100
17254,100,100
17255,100,100
17256,100,100
17257,100,100
17258,100,100
17259,100,100
17260,100,100
17261,100,100
17262,100,100
17263,100,100
17264,100,100
17265,100,100
17266,100,100
17267,100,100
17268,100,100
17269,100,100
17270,100,100
17271,100,100
17272,100,100
17273,100,100
17274,100,100
17275,100,100
17276,100,100
17277,100,100
17278,100,100
17279,100,100
17280,100,100
17281,100,100
17282,100,100
17283,100,100
17284,100,100
17285,100,100
17286,100,100
17287,100,100
17288,100,100
17289,100,100
17290,100,100
17291,100,100
17292,100,100
17293,100,100
17294,100,100
17295,100,100
17296,100,100
17297,100,100
17298,100,100
17299,100,100
17300,100,100
17301,100,100
17302,100,100
17303,100,100
17304,100,100
17305,100,100
17306,100,100
17307,100,100
17308,100,100
17309,100,100
17310,100,100
17311,100,100
17312,100,100
17313,100,100
17314,100,100
17315,100,100
17316,100,100
17317,100,100
17318,100,100
17319,100,100
17320,100,100
17321,100,100
17322,100,100
17323,100,100
17324,100,100
17325,100,100
17326,100,100
17327,100,100
17328,100,100
17329,100,100
17330,100,100
17331,100,100
17332,100,100
17333,100,100
17334,100,100
17335,100,100
17336,100,100
17337,100,100
17338,100,100
17339,100,100
17340,100,100
17341,100,100
17342,100,100
17343,100,100
17344,100,100
17345,100,100
17346,100,100
17347,100,100
17348,100,100
17349,100,100
17350,100,100
17351,100,100
17352,100,100
17353,100,100
17354,100,100
17355,100,100
17356,100,100
17357,100,100
17358,100,100
17359,100,100
17360,100,100
17361,100,100
17362,100,100
17363,100,100
17364,100,100
17365,100,100
17366,100,100
17367,100,100
17368,100,100
17369,100,100
17370,100,100
17371,100,100
17372,100,100
17373,100,100
17374,100,100
17375,100,100
17376,100,100
17377,100,100
17378,100,100
17379,100,100
17380,100,100
17381,100,100
17382,100,100
17383,100,100
17384,100,100
17385,100,100
17386,100,100
17387,100,100
17388,100,100
17389,100,100
17390,100,100
17391,100,100
17392,100,100
17393,100,100
17394,100,100
17395,100,100
17396,100,100
17397,100,100
17398,100,100
17399,100,100
17400,100,100
17401,100,100
17402,100,100
17403,100,100
17404,100,100
17405,100,100
17406,100,100
17407,100,100
17408,100,100
17409,100,100
17410,100,100
17411,100,100
17412,100,100
17413,100,100
17414,100,100
17415,100,100
17416,100,100
17417,100,100
17418,100,100
17419,100,100
17420,100,100
17421,100,100
17422,100,100
17423,100,100
17424,100,100
17425,100,100
17426,100,100
17427,100,100
17428,100,100
17429,100,100
17430,100,100
17431,100,100
17432,100,100
17433,100,100
17434,100,100
17435,100,100
17436,100,100
17437,100,100
17438,100,100
17439,100,100
17440,100,100
17441,100,100
17442,100,100
17443,100,100
17444,100,100
17445,100,100
17446,100,100
17447,100,100
17448,100,100
17449,100,100
17450,100,100
17451,100,100
17452,100,100
17453,100,100
17454,100,100
17455,100,100
17456,100,100
17457,100,100
17458,100,100
17459,100,100
17460,100,100
17461,100,100
17462,100,100
17463,100,100
17464,100,100
17465,100,100
17466,100,100
17467,100,100
17468,100,100
17469,100,100
17470,100,100
17471,100,100
17472,100,100
17473,100,100
17474,100,100
17475,100,100
17476,100,100
17477,100,100
17478,100,100
17479,100,100
17480,100,100
17481,100,100
17482,100,100
17483,100,100
17484,100,100
17485,100,100
17486,100,100
17487,100,100
17488,100,100
17489,100,100
17490,100,100
17491,100,100
17492,100,100
17493,100,100
17494,100,100
17495,100,100
17496,100,100
17497,100,100
17498,100,100
17499,100,100
17500,100,100
17501,100,100
17502,100,100
17503,100,100
17504,100,100
17505,100,100
17506,100,100
17507,100,100
17508,100,100
17509,100,100
17510,100,100
17511,100,100
17512,100,100
17513,100,100
17514,100,100
17515,100,100
17516,100,100
17517,100,100
17518,100,100
17519,100,100
17520,100,100
17521,100,100
17522,100,100
17523,100,100
17524,100,100
17525,100,100
17526,100,100
17527,100,100
17528,100,100
17529,100,100
17530,100,100
17531,100,100
17532,100,100
17533,100,100
17534,100,100
17535,100,100
17536,100,100
17537,100,100
17538,100,100
17539,100,100
17540,100,100
17541,100,100
17542,100,100
17543,100,100
17544,100,100
17545,100,100
17546,100,100
17547,100,100
17548,100,100
17549,100,100
17550,100,100
17551,100,100
17552,100,100
17553,100,100
17554,100,100
17555,100,100
17556,100,100
17557,100,100
17558,100,100
17559,100,100
17560,100,100
17561,100,100
17562,100,100
17563,100,100
17564,100,100
17565,100,100
17566,100,100
17567,100,100
17568,100,100
17569,100,100
17570,100,100
17571,100,100
17572,100,100
17573,100,100
17574,100,100
17575,100,100
17576,100,100
17577,100,100
17578,100,100
17579,100,100
17580,100,100
17581,100,100
17582,100,100
17583,100,100
17584,100,100
17585,100,100
17586,100,100
17587,100,100
17588,100,100
17589,100,100
17590,100,100
17591,100,100
17592,100,100
17593,100,100
17594,100,100
17595,100,100
17596,100,100
17597,100,100
17598,100,100
17599,100,100
17600,100,100
17601,100,100
17602,100,100
17603,100,100
17604,100,100
17605,100,100
17606,100,100
17607,100,100
17608,100,100
17609,100,100
17610,100,100
17611,100,100
17612,100,100
17613,100,100
17614,100,100
17615,100,100
17616,100,100
17617,100,100
17618,100,100
17619,100,100
17620,100,100
17621,100,100
17622,100,100
17623,100,100
17624,100,100
17625,100,100
17626,100,100
17627,100,100
17628,100,100
17629,100,100
17630,100,100
17631,100,100
17632,100,100
17633,100,100
17634,100,100
17635,100,100
17636,100,100
17637,100,100
17638,100,100
17639,100,100
17640,100,100
17641,100,100
17642,100,100
17643,100,100
17644,100,100
17645,100,100
17646,100,100
17647,100,100
17648,100,100
17649,100,100
17650,100,100
17651,100,100
17652,100,100
17653,100,100
17654,100,100
17655,100,100
17656,100,100
17657,100,100
17658,100,100
17659,100,100
17660,100,100
17661,100,100
17662,100,100
17663,100,100
17664,100,100
17665,100,100
17666,100,100
17667,100,100
17668,100,100
17669,100,100
17670,100,100
17671,100,100
17672,100,100
17673,100,100
17674,100,100
17675,100,100
17676,100,100
17677,100,100
17678,100,100
17679,100,100
17680,100,100
17681,100,100
17682,100,100
17683,100,100
17684,100,100
17685,100,100
17686,100,100
17687,100,100
17688,100,100
17689,100,100
17690,100,100
17691,100,100
17692,100,100
17693,100,100
17694,100,100
17695,100,100
17696,100,100
17697,100,100
17698,100,100
17699,100,100
17700,100,100
17701,100,100
17702,100,100
17703,100,100
17704,100,100
17705,100,100
17706,100,100
17707,100,100
17708,100,100
17709,100,100
17710,100,100
17711,100,100
17712,100,100
17713,100,100
17714,100,100
17715,100,100
17716,100,100
17717,100,100
17718,100,100
17719,100,100
17720,100,100
17721,100,100
17722,100,100
17723,100,100
17724,100,100
17725,100,100
17726,100,100
17727,100,100
17728,100,100
17729,100,100
17730,100,100
17731,100,100
17732,100,100
17733,100,100
17734,100,100
17735,100,100
17736,100,100
17737,100,100
17738,100,100
17739,100,100
17740,100,100
17741,100,100
17742,100,100
17743,100,100
17744,100,100
17745,100,100
17746,100,100
17747,100,100
17748,100,100
17749,100,100
17750,100,100
17751,100,100
17752,100,100
17753,100,100
17754,100,100
17755,100,100
17756,100,100
17757,100,100
17758,100,100
17759,100,100
17760,100,100
17761,100,100
17762,100,100
17763,100,100
17764,100,100
17765,100,100
17766,100,100
17767,100,100
17768,100,100
17769,100,100
17770,100,100
17771,100,100
17772,100,100
17773,100,100
17774,100,100
17775,100,100
17776,100,100
17777,100,100
17778,100,100
17779,100,100
17780,100,100
17781,100,100
17782,100,100
17783,100,100
17784,100,100
17785,100,100
17786,100,100
17787,100,100
17788,100,100
17789,100,100
17790,100,100
17791,100,100
17792,100,100
17793,100,100
17794,100,100
17795,100,100
17796,100,100
17797,100,100
17798,100,100
17799,100,100
17800,100,100
17801,100,100
17802,100,100
17803,100,100
17804,100,100
17805,100,100
17806,100,100
17807,100,100
17808,100,100
17809,100,100
17810,100,100
17811,100,100
17812,100,100
17813,100,100
17814,100,100
17815,100,100
17816,100,100
17817,100,100
17818,100,100
17819,100,100
17820,100,100
17821,100,100
17822,100,100
17823,100,100
17824,100,100
17825,100,100
17826,100,100
17827,100,100
17828,100,100
17829,100,100
17830,100,100
17831,100,100
17832,100,100
17833,100,100
17834,100,100
17835,100,100
17836,100,100
17837,100,100
17838,100,100
17839,100,100
17840,100,100
17841,100,100
17842,100,100
17843,100,100
17844,100,100
17845,100,100
17846,100,100
17847,100,100
17848,100,100
17849,100,100
17850,100,100
17851,100,100
17852,100,100
17853,100,100
17854,100,100
17855,100,100
17856,100,100
17857,100,100
17858,100,100
17859,100,100
17860,100,100
17861,100,100
17862,100,100
17863,100,100
17864,100,100
17865,100,100
17866,100,100
17867,100,100
17868,100,100
17869,100,100
17870,100,100
17871,100,100
17872,100,100
17873,100,100
17874,100,100
17875,100,100
17876,100,100
17877,100,100
17878,100,100
17879,100,100
17880,100,100
17881,100,100
17882,100,100
17883,100,100
17884,100,100
17885,100,100
17886,100,100
17887,100,100
17888,100,100
17889,100,100
17890,100,100
17891,100,100
17892,100,100
17893,100,100
17894,100,100
17895,100,100
17896,100,100
17897,100,100
17898,100,100
17899,100,100
17900,100,100
17901,100,100
17902,100,100
17903,100,100
17904,100,100
17905,100,100
17906,100,100
17907,100,100
17908,100,100
17909,100,100
17910,100,100
17911,100,100
17912,100,100
17913,100,100
17914,100,100
17915,100,100
17916,100,100
17917,100,100
17918,100,100
17919,100,100
17920,100,100
17921,100,100
17922,100,100
17923,100,100
17924,100,100
17925,100,100
17926,100,100
17927,100,100
17928,100,100
17929,100,100
17930,100,100
17931,100,100
17932,100,100
17933,100,100
17934,100,100
17935,100,100
17936,100,100
17937,100,100
17938,100,100
17939,100,100
17940,100,100
17941,100,100
17942,100,100
17943,100,100
17944,100,100
17945,100,100
17946,100,100
17947,100,100
17948,100,100
17949,100,100
17950,100,100
17951,100,100
17952,100,100
17953,100,100
17954,100,100
17955,100,100
17956,100,100
17957,100,100
17958,100,100
17959,100,100
17960,100,100
17961,100,100
17962,100,100
17963,100,100
17964,100,100
17965,100,100
17966,100,100
17967,100,100
17968,100,100
17969,100,100
17970,100,100
17971,100,100
17972,100,100
17973,100,100
17974,100,100
17975,100,100
17976,100,100
17977,100,100
17978,100,100
17979,100,100
17980,100,100
17981,100,100
17982,100,100
17983,100,100
17984,100,100
17985,100,100
17986,100,100
17987,100,100
17988,100,100
17989,100,100
17990,100,100
17991,100,100
17992,100,100
17993,100,100
17994,100,100
17995,100,100
17996,100,100
17997,100,100
17998,100,100
17999,100,100
18000,100,100
18001,100,100
18002,100,100
18003,100,100
18004,100,100
18005,100,100
18006,100,100
18007,100,100
18008,100,100
18009,100,100
18010,100,100
18011,100,100
18012,100,100
18013,100,100
18014,100,100
18015,100,100
18016,100,100
18017,100,100
18018,100,100
18019,100,100
18020,100,100
18021,100,100
18022,100,100
18023,100,100
18024,100,100
18025,100,100
18026,100,100
18027,100,100
18028,100,100
18029,100,100
18030,100,100
18031,100,100
18032,100,100
18033,100,100
18034,100,100
18035,100,100
18036,100,100
18037,100,100
18038,100,100
18039,100,100
18040,100,100
18041,100,100
18042,100,100
18043,100,100
18044,100,100
18045,100,100
18046,100,100
18047,100,100
18048,100,100
18049,100,100
18050,100,100
18051,100,100
18052,100,100
18053,100,100
18054,100,100
18055,100,100
18056,100,100
18057,100,100
18058,100,100
18059,100,100
18060,100,100
18061,100,100
18062,100,100
18063,100,100
18064,100,100
18065,100,100
18066,100,100
18067,100,100
18068,100,100
18069,100,100
18070,100,100
18071,100,100
18072,100,100
18073,100,100
18074,100,100
18075,100,100
18076,100,100
18077,100,100
18078,100,100
18079,100,100
18080,100,100
18081,100,100
18082,100,100
18083,100,100
18084,100,100
18085,100,100
18086,100,100
18087,100,100
18088,100,100
18089,100,100
18090,100,100
18091,100,100
18092,100,100
18093,100,100
18094,100,100
18095,100,100
18096,100,100
18097,100,100
18098,100,100
18099,100,100
18100,99,101
18101,99,101
18102,99,101
18103,99,101
18104,99,101
18105,99,101
18106,99,101
18107,99,101
18108,99,101
18109,99,101
18110,99,101
18111,99,101
18112,99,101
18113,99,101
18114,99,101
18115,99,101
18116,99,101
18117,99,101
18118,99,101
18119,99,101
18120,99,101
18121,99,101
18122,99,101
18123,99,101
18124,99,101
18125,99,101
18126,99,101
18127,99,101
18128,99,101
18129,99,101
18130,99,101
18131,99,101
18132,99,101
18133,99,101
18134,99,101
18135,99,101
18136,99,101
18137,99,101
18138,99,101
18139,99,101
18140,99,101
18141,99,101
18142,99,101
18143,99,101
18144,99,101
18145,99,101
18146,99,101
18147,99,101
18148,99,101
18149,99,101
18150,99,101
18151,99,101
18152,99,101
18153,99,101
18154,99,101
18155,99,101
18156,99,101
18157,99,101
18158,99,101
18159,99,101
18160,99,101
18161,99,101
18162,99,101
18163,99,101
18164,99,101
18165,99,101
18166,99,101
18167,99,101
18168,99,101
18169,99,101
18170,99,101
18171,99,101
18172,99,101
18173,99,101
18174,99,101
18175,99,101
18176,99,101
18177,99,101
18178,99,101
18179,99,101
18180,99,101
18181,99,101
18182,99,101
18183,99,101
18184,99,101
18185,99,101
18186,99,101
18187,99,101
18188,99,101
18189,99,101
18190,99,101
18191,99,101
18192,99,101
18193,99,101
18194,99,101
18195,99,101
18196,99,101
18197,99,101
18198,99,101
18199,99,101
18200,100,100
18201,100,100
18202,100,100
18203,100,100
18204,100,100
18205,100,100
18206,100,100
18207,100,100
18208,100,100
18209,100,100
18210,100,100
18211,100,100
18212,100,100
18213,100,100
18214,100,100
18215,100,100
18216,100,100
18217,100,100
18218,100,100
18219,100,100
18220,100,100
18221,100,100
18222,100,100
18223,100,100
18224,100,100
18225,100,100
18226,100,100
18227,100,100
18228,100,100
18229,100,100
18230,100,100
18231,100,100
18232,100,100
18233,100,100
18234,100,100
18235,100,100
18236,100,100
18237,100,100
18238,100,100
18239,100,100
18240,100,100
18241,100,100
18242,100,100
18243,100,100
18244,100,100
18245,100,100
18246,100,100
18247,100,100
18248,100,100
18249,100,100
18250,100,100
18251,100,100
18252,100,100
18253,100,100
18254,100,100
18255,100,100
18256,100,100
18257,100,100
18258,100,100
18259,100,100
18260,100,100
18261,100,100
18262,100,100
18263,100,100
18264,100,100
18265,100,100
18266,100,100
18267,100,100
18268,100,100
18269,100,100
18270,100,100
18271,100,100
18272,100,100
18273,100,100
18274,100,100
18275,100,100
18276,100,100
18277,100,100
18278,100,100
18279,100,100
18280,100,100
18281,100,100
18282,100,100
18283,100,100
18284,100,100
18285,100,100
18286,100,100
18287,100,100
18288,100,100
18289,100,100
18290,100,100
18291,100,100
18292,100,100
18293,100,100
18294,100,100
18295,100,100
18296,100,100
18297,100,100
18298,100,100
18299,100,100
18300,100,100
18301,100,100
18302,100,100
18303,100,100
18304,100,100
18305,100,100
18306,100,100
18307,100,100
18308,100,100
18309,100,100
18310,100,100
18311,100,100
18312,100,100
18313,100,100
18314,100,100
18315,100,100
18316,100,100
18317,100,100
18318,100,100
18319,100,100
18320,100,100
18321,100,100
18322,100,100
18323,100,100
18324,100,100
18325,100,100
18326,100,100
18327,100,100
18328,100,100
18329,100,100
18330,100,100
18331,100,100
18332,100,100
18333,100,100
18334,100,100
18335,100,100
18336,100,100
18337,100,100
18338,100,100
18339,100,100
18340,100,100
18341,100,100
18342,100,100
18343,100,100
18344,100,100
18345,100,100
18346,100,100
18347,100,100
18348,100,100
18349,100,100
18350,100,100
18351,100,100
18352,100,100
18353,100,100
18354,100,100
18355,100,100
18356,100,100
18357,100,100
18358,100,100
18359,100,100
18360,100,100
18361,100,100
18362,100,100
18363,100,100
18364,100,100
18365,100,100
18366,100,100
18367,100,100
18368,100,100
18369,100,100
18370,100,100
18371,100,100
18372,100,100
18373,100,100
18374,100,100
18375,100,100
18376,100,100
18377,100,100
18378,100,100
18379,100,100
18380,100,100
18381,100,100
18382,100,100
18383,100,100
18384,100,100
18385,100,100
18386,100,100
18387,100,100
18388,100,100
18389,100,100
18390,100,100
18391,100,100
18392,100,100
18393,100,100
18394,100,100
18395,100,100
18396,100,100
18397,100,100
18398,100,100
18399,100,100
18400,100,100
18401,100,100
18402,100,100
18403,100,100
18404,100,100
18405,100,100
18406,100,100
18407,100,100
18408,100,100
18409,100,100
18410,100,100
18411,100,100
18412,100,100
18413,100,100
18414,100,100
18415,100,100
18416,100,100
18417,100,100
18418,100,100
18419,100,100
18420,100,100
18421,100,100
18422,100,100
18423,100,100
18424,100,100
18425,100,100
18426,100,100
18427,100,100
18428,100,100
18429,100,100
18430,100,100
18431,100,100
18432,100,100
18433,100,100
18434,100,100
18435,100,100
18436,100,100
18437,100,100
18438,100,100
18439,100,100
18440,100,100
18441,100,100
18442,100,100
18443,100,100
18444,100,100
18445,100,100
18446,100,100
18447,100,100
18448,100,100
18449,100,100
18450,100,100
18451,100,100
18452,100,100
18453,100,100
18454,100,100
18455,100,100
18456,100,100
18457,100,100
18458,100,100
18459,100,100
18460,100,100
18461,100,100
18462,100,100
18463,100,100
18464,100,100
18465,100,100
18466,100,100
18467,100,100
18468,100,100
18469,100,100
18470,100,100
18471,100,100
18472,100,100
18473,100,100
18474,100,100
18475,100,100
18476,100,100
18477,100,100
18478,100,100
18479,100,100
18480,100,100
18481,100,100
18482,100,100
18483,100,100
18484,100,100
18485,100,100
18486,100,100
18487,100,100
18488,100,100
18489,100,100
18490,100,100
18491,100,100
18492,100,100
18493,100,100
18494,100,100
18495,100,100
18496,100,100
18497,100,100
18498,100,100
18499,100,100
18500,100,100
18501,100,100
18502,100,100
18503,100,100
18504,100,100
18505,100,100
18506,100,100
18507,100,100
18508,100,100
18509,100,100
18510,100,100
18511,100,100
18512,100,100
18513,100,100
18514,100,100
18515,100,100
18516,100,100
18517,100,100
18518,100,100
18519,100,100
18520,100,100
18521,100,100
18522,100,100
18523,100,100
18524,100,100
18525,100,100
18526,100,100
18527,100,100
18528,100,100
18529,100,100
18530,100,100
18531,100,100
18532,100,100
18533,100,100
18534,100,100
18535,100,100
18536,100,100
18537,100,100
18538,100,100
18539,100,100
18540,100,100
18541,100,100
18542,100,100
18543,100,100
18544,100,100
18545,100,100
18546,100,100
18547,100,100
18548,100,100
18549,100,100
18550,100,100
18551,100,100
18552,100,100
18553,100,100
18554,100,100
18555,100,100
18556,100,100
18557,100,100
18558,100,100
18559,100,100
18560,100,100
18561,100,100
18562,100,100
18563,100,100
18564,100,100
18565,100,100
18566,100,100
18567,100,100
18568,100,100
18569,100,100
18570,100,100
18571,100,100
18572,100,100
18573,100,100
18574,100,100
18575,100,100
18576,100,100
18577,100,100
18578,100,100
18579,100,100
18580,100,100
18581,100,100
18582,100,100
18583,100,100
18584,100,100
18585,100,100
18586,100,100
18587,100,100
18588,100,100
18589,100,100
18590,100,100
18591,100,100
18592,100,100
18593,100,100
18594,100,100
18595,100,100
18596,100,100
18597,100,100
18598,100,100
18599,100,100
18600,100,100
18601,100,100
18602,100,100
18603,100,100
18604,100,100
18605,100,100
18606,100,100
18607,100,100
18608,100,100
18609,100,100
18610,100,100
18611,100,100
18612,100,100
18613,100,100
18614,100,100
18615,100,100
18616,100,100
18617,100,100
18618,100,100
18619,100,100
18620,100,100
18621,100,100
18622,100,100
18623,100,100
18624,100,100
18625,100,100
18626,100,100
18627,100,100
18628,100,100
18629,100,100
18630,100,100
18631,100,100
18632,100,100
18633,100,100
18634,100,100
18635,100,100
18636,100,100
18637,100,100
18638,100,100
18639,100,100
18640,100,100
18641,100,100
18642,100,100
18643,100,100
18644,100,100
18645,100,100
18646,100,100
18647,100,100
18648,100,100
18649,100,100
18650,100,100
18651,100,100
18652,100,100
18653,100,100
18654,100,100
18655,100,100
18656,100,100
18657,100,100
18658,100,100
18659,100,100
18660,100,100
18661,100,100
18662,100,100
18663,100,100
18664,100,100
18665,100,100
18666,100,100
18667,100,100
18668,100,100
18669,100,100
18670,100,100
18671,100,100
18672,100,100
18673,100,100
18674,100,100
18675,100,100
18676,100,100
18677,100,100
18678,100,100
18679,100,100
18680,100,100
18681,100,100
18682,100,100
18683,100,100
18684,100,100
18685,100,100
18686,100,100
18687,100,100
18688,100,100
18689,100,100
18690,100,100
18691,100,100
18692,100,100
18693,100,100
18694,100,100
18695,100,100
18696,100,100
18697,100,100
18698,100,100
18699,100,100
18700,100,100
18701,100,100
18702,100,100
18703,100,100
18704,100,100
18705,100,100
18706,100,100
18707,100,100
18708,100,100
18709,100,100
18710,100,100
18711,100,100
18712,100,100
18713,100,100
18714,100,100
18715,100,100
18716,100,100
18717,100,100
18718,100,100
18719,100,100
18720,100,100
18721,100,100
18722,100,100
18723,100,100
18724,100,100
18725,100,100
18726,100,100
18727,100,100
18728,100,100
18729,100,100
18730,100,100
18731,100,100
18732,100,100
18733,100,100
18734,100,100
18735,100,100
18736,100,100
18737,100,100
18738,100,100
18739,100,100
18740,100,100
18741,100,100
18742,100,100
18743,100,100
18744,100,100
18745,100,100
18746,100,100
18747,100,100
18748,100,100
18749,100,100
18750,100,100
18751,100,100
18752,100,100
18753,100,100
18754,100,100
18755,100,100
18756,100,100
18757,100,100
18758,100,100
18759,100,100
18760,100,100
18761,100,100
18762,100,100
18763,100,100
18764,100,100
18765,100,100
18766,100,100
18767,100,100
18768,100,100
18769,100,100
18770,100,100
18771,100,100
18772,100,100
18773,100,100
18774,100,100
18775,100,100
18776,100,100
18777,100,100
18778,100,100
18779,100,100
18780,100,100
18781,100,100
18782,100,100
18783,100,100
18784,100,100
18785,100,100
18786,100,100
18787,100,100
18788,100,100
18789,100,100
18790,100,100
18791,100,100
18792,100,100
18793,100,100
18794,100,100
18795,100,100
18796,100,100
18797,100,100
18798,100,100
18799,100,100
18800,99,101
18801,99,101
18802,99,101
18803,99,101
18804,99,101
18805,99,101
18806,99,101
18807,99,101
18808,99,101
18809,99,101
18810,99,101
18811,99,101
18812,99,101
18813,99,101
18814,99,101
18815,99,101
18816,99,101
18817,99,101
18818,99,101
18819,99,101
18820,99,101
18821,99,101
18822,99,101
18823,99,101
18824,99,101
18825,99,101
18826,99,101
18827,99,101
18828,99,101
18829,99,101
18830,99,101
18831,99,101
18832,99,101
18833,99,101
18834,99,101
18835,99,101
18836,99,101
18837,99,101
18838,99,101
18839,99,101
18840,99,101
18841,99,101
18842,99,101
18843,99,101
18844,99,101
18845,99,101
18846,99,101
18847,99,101
18848,99,101
18849,99,101
18850,99,101
18851,99,101
18852,99,101
18853,99,101
18854,99,101
18855,99,101
18856,99,101
18857,99,101
18858,99,101
18859,99,101
18860,99,101
18861,99,101
18862,99,101
18863,99,101
18864,99,101
18865,99,101
18866,99,101
18867,99,101
18868,99,101
18869,99,101
18870,99,101
18871,99,101
18872,99,101
18873,99,101
18874,99,101
18875,99,101
18876,99,101
18877,99,101
18878,99,101
18879,99,101
18880,99,101
18881,99,101
18882,99,101
18883,99,101
18884,99,101
18885,99,101
18886,99,101
18887,99,101
18888,99,101
18889,99,101
18890,99,101
18891,99,101
18892,99,101
18893,99,101
18894,99,101
18895,99,101
18896,99,101
18897,99,101
18898,99,101
18899,99,101
18900,99,101
18901,99,101
18902,99,101
18903,99,101
18904,99,101
18905,99,101
18906,99,101
18907,99,101
18908,99,101
18909,99,101
18910,99,101
18911,99,101
18912,99,101
18913,99,101
18914,99,101
18915,99,101
18916,99,101
18917,99,101
18918,99,101
18919,99,101
18920,99,101
18921,99,101
18922,99,101
18923,99,101
18924,99,101
18925,99,101
18926,99,101
18927,99,101
18928,99,101
18929,99,101
18930,99,101
18931,99,101
18932,99,101
18933,99,101
18934,99,101
18935,99,101
18936,99,101
18937,99,101
18938,99,101
18939,99,101
18940,99,101
18941,99,101
18942,99,101
18943,99,101
18944,99,101
18945,99,101
18946,99,101
18947,99,101
18948,99,101
18949,99,101
18950,99,101
18951,99,101
18952,99,101
18953,99,101
18954,99,101
18955,99,101
18956,99,101
18957,99,101
18958,99,101
18959,99,101
18960,99,101
18961,99,101
18962,99,101
18963,99,101
18964,99,101
18965,99,101
18966,99,101
18967,99,101
18968,99,101
18969,99,101
18970,99,101
18971,99,101
18972,99,101
18973,99,101
18974,99,101
18975,99,101
18976,99,101
18977,99,101
18978,99,101
18979,99,101
18980,99,101
18981,99,101
18982,99,101
18983,99,101
18984,99,101
18985,99,101
18986,99,101
18987,99,101
18988,99,101
18989,99,101
18990,99,101
18991,99,101
18992,99,101
18993,99,101
18994,99,101
18995,99,101
18996,99,101
18997,99,101
18998,99,101
18999,99,101
19000,100,100
19001,100,100
19002,100,100
19003,100,100
19004,100,100
19005,100,100
19006,100,100
19007,100,100
19008,100,100
19009,100,100
19010,100,100
19011,100,100
19012,100,100
19013,100,100
19014,100,100
19015,100,100
19016,100,100
19017,100,100
19018,100,100
19019,100,100
19020,100,100
19021,100,100
19022,100,100
19023,100,100
19024,100,100
19025,100,100
19026,100,100
19027,100,100
19028,100,100
19029,100,100
19030,100,100
19031,100,100
19032,100,100
19033,100,100
19034,100,100
19035,100,100
19036,100,100
19037,100,100
19038,100,100
19039,100,100
19040,100,100
19041,100,100
19042,100,100
19043,100,100
19044,100,100
19045,100,100
19046,100,100
19047,100,100
19048,100,100
19049,100,100
19050,100,100
19051,100,100
19052,100,100
19053,100,100
19054,100,100
19055,100,100
19056,100,100
19057,100,100
19058,100,100
19059,100,100
19060,100,100
19061,100,100
19062,100,100
19063,100,100
19064,100,100
19065,100,100
19066,100,100
19067,100,100
19068,100,100
19069,100,100
19070,100,100
19071,100,100
19072,100,100
19073,100,100
19074,100,100
19075,100,100
19076,100,100
19077,100,100
19078,100,100
19079,100,100
19080,100,100
19081,100,100
19082,100,100
19083,100,100
19084,100,100
19085,100,100
19086,100,100
19087,100,100
19088,100,100
19089,100,100
19090,100,100
19091,100,100
19092,100,100
19093,100,100
19094,100,100
19095,100,100
19096,100,100
19097,100,100
19098,100,100
19099,100,100
19100,99,101
19101,99,101
19102,99,101
19103,99,101
19104,99,101
19105,99,101
19106,99,101
19107,99,101
19108,99,101
19109,99,101
19110,99,101
19111,99,101
19112,99,101
19113,99,101
19114,99,101
19115,99,101
19116,99,101
19117,99,101
19118,99,101
19119,99,101
19120,99,101
19121,99,101
19122,99,101
19123,99,101
19124,99,101
19125,99,101
19126,99,101
19127,99,101
19128,99,101
19129,99,101
19130,99,101
19131,99,101
19132,99,101
19133,99,101
19134,99,101
19135,99,101
19136,99,101
19137,99,101
19138,99,101
19139,99,101
19140,99,101
19141,99,101
19142,99,101
19143,99,101
19144,99,101
19145,99,101
19146,99,101
19147,99,101
19148,99,101
19149,99,101
19150,99,101
19151,99,101
19152,99,101
19153,99,101
19154,99,101
19155,99,101
19156,99,101
19157,99,101
19158,99,101
19159,99,101
19160,99,101
19161,99,101
19162,99,101
19163,99,101
19164,99,101
19165,99,101
19166,99,101
19167,99,101
19168,99,101
19169,99,101
19170,99,101
19171,99,101
19172,99,101
19173,99,101
19174,99,101
19175,99,101
19176,99,101
19177,99,101
19178,99,101
19179,99,101
19180,99,101
19181,99,101
19182,99,101
19183,99,101
19184,99,101
19185,99,101
19186,99,101
19187,99,101
19188,99,101
19189,99,101
19190,99,101
19191,99,101
19192,99,101
19193,99,101
19194,99,101
19195,99,101
19196,99,101
19197,99,101
19198,99,101
19199,99,101
19200,100,100
19201,100,100
19202,100,100
19203,100,100
19204,100,100
19205,100,100
19206,100,100
19207,100,100
19208,100,100
19209,100,100
19210,100,100
19211,100,100
19212,100,100
19213,100,100
19214,100,100
19215,100,100
19216,100,100
19217,100,100
19218,100,100
19219,100,100
19220,100,100
19221,100,100
19222,100,100
19223,100,100
19224,100,100
19225,100,100
19226,100,100
19227,100,100
19228,100,100
19229,100,100
19230,100,100
19231,100,100
19232,100,100
19233,100,100
19234,100,100
19235,100,100
19236,100,100
19237,100,100
19238,100,100
19239,100,100
19240,100,100
19241,100,100
19242,100,100
19243,100,100
19244,100,100
19245,100,100
19246,100,100
19247,100,100
19248,100,100
19249,100,100
19250,100,100
19251,100,100
19252,100,100
19253,100,100
19254,100,100
19255,100,100
19256,100,100
19257,100,100
19258,100,100
19259,100,100
19260,100,100
19261,100,100
19262,100,100
19263,100,100
19264,100,100
19265,100,100
19266,100,100
19267,100,100
19268,100,100
19269,100,100
19270,100,100
19271,100,100
19272,100,100
19273,100,100
19274,100,100
19275,100,100
19276,100,100
19277,100,100
19278,100,100
19279,100,100
19280,100,100
19281,100,100
19282,100,100
19283,100,100
19284,100,100
19285,100,100
19286,100,100
19287,100,100
19288,100,100
19289,100,100
19290,100,100
19291,100,100
19292,100,100
19293,100,100
19294,100,100
19295,100,100
19296,100,100
19297,100,100
19298,100,100
19299,100,100
19300,100,100
19301,100,100
19302,100,100
19303,100,100
19304,100,100
19305,100,100
19306,100,100
19307,100,100
19308,100,100
19309,100,100
19310,100,100
19311,100,100
19312,100,100
19313,100,100
19314,100,100
19315,100,100
19316,100,100
19317,100,100
19318,100,100
19319,100,100
19320,100,100
19321,100,100
19322,100,100
19323,100,100
19324,100,100
19325,100,100
19326,100,100
19327,100,100
19328,100,100
19329,100,100
19330,100,100
19331,100,100
19332,100,100
19333,100,100
19334,100,100
19335,100,100
19336,100,100
19337,100,100
19338,100,100
19339,100,100
19340,100,100
19341,100,100
19342,100,100
19343,100,100
19344,100,100
19345,100,100
19346,100,100
19347,100,100
19348,100,100
19349,100,100
19350,100,100
19351,100,100
19352,100,100
19353,100,100
19354,100,100
19355,100,100
19356,100,100
19357,100,100
19358,100,100
19359,100,100
19360,100,100
19361,100,100
19362,100,100
19363,100,100
19364,100,100
19365,100,100
19366,100,100
19367,100,100
19368,100,100
19369,100,100
19370,100,100
19371,100,100
19372,100,100
19373,100,100
19374,100,100
19375,100,100
19376,100,100
19377,100,100
19378,100,100
19379,100,100
19380,100,100
19381,100,100
19382,100,100
19383,100,100
19384,100,100
19385,100,100
19386,100,100
19387,100,100
19388,100,100
19389,100,100
19390,100,100
19391,100,100
19392,100,100
19393,100,100
19394,100,100
19395,100,100
19396,100,100
19397,100,100
19398,100,100
19399,100,100
19400,101,99
19401,101,99
19402,101,99
19403,101,99
19404,101,99
19405,101,99
19406,101,99
19407,101,99
19408,101,99
19409,101,99
19410,101,99
19411,101,99
19412,101,99
19413,101,99
19414,101,99
19415,101,99
19416,101,99
19417,101,99
19418,101,99
19419,101,99
19420,101,99
19421,101,99
19422,101,99
19423,101,99
19424,101,99
19425,101,99
19426,101,99
19427,101,99
19428,101,99
19429,101,99
19430,101,99
19431,101,99
19432,101,99
19433,101,99
19434,101,99
19435,101,99
19436,101,99
19437,101,99
19438,101,99
19439,101,99
19440,101,99
19441,101,99
19442,101,99
19443,101,99
19444,101,99
19445,101,99
19446,101,99
19447,101,99
19448,101,99
19449,101,99
19450,101,99
19451,101,99
19452,101,99
19453,101,99
19454,101,99
19455,101,99
19456,101,99
19457,101,99
19458,101,99
19459,101,99
19460,101,99
19461,101,99
19462,101,99
19463,101,99
19464,101,99
19465,101,99
19466,101,99
19467,101,99
19468,101,99
19469,101,99
19470,101,99
19471,101,99
19472,101,99
19473,101,99
19474,101,99
19475,101,99
19476,101,99
19477,101,99
19478,101,99
19479,101,99
19480,101,99
19481,101,99
19482,101,99
19483,101,99
19484,101,99
19485,101,99
19486,101,99
19487,101,99
19488,101,99
19489,101,99
19490,101,99
19491,101,99
19492,101,99
19493,101,99
19494,101,99
19495,101,99
19496,101,99
19497,101,99
19498,101,99
19499,101,99
19500,100,100
19501,100,100
19502,100,100
19503,100,100
19504,100,100
19505,100,100
19506,100,100
19507,100,100
19508,100,100
19509,100,100
19510,100,100
19511,100,100
19512,100,100
19513,100,100
19514,100,100
19515,100,100
19516,100,100
19517,100,100
19518,100,100
19519,100,100
19520,100,100
19521,100,100
19522,100,100
19523,100,100
19524,100,100
19525,100,100
19526,100,100
19527,100,100
19528,100,100
19529,100,100
19530,100,100
19531,100,100
19532,100,100
19533,100,100
19534,100,100
19535,100,100
19536,100,100
19537,100,100
19538,100,100
19539,100,100
19540,100,100
19541,100,100
19542,100,100
19543,100,100
19544,100,100
19545,100,100
19546,100,100
19547,100,100
19548,100,100
19549,100,100
19550,100,100
19551,100,100
19552,100,100
19553,100,100
19554,100,100
19555,100,100
19556,100,100
19557,100,100
19558,100,100
19559,100,100
19560,100,100
19561,100,100
19562,100,100
19563,100,100
19564,100,100
19565,100,100
19566,100,100
19567,100,100
19568,100,100
19569,100,100
19570,100,100
19571,100,100
19572,100,100
19573,100,100
19574,100,100
19575,100,100
19576,100,100
19577,100,100
19578,100,100
19579,100,100
19580,100,100
19581,100,100
19582,100,100
19583,100,100
19584,100,100
19585,100,100
19586,100,100
19587,100,100
19588,100,100
19589,100,100
19590,100,100
19591,100,100
19592,100,100
19593,100,100
19594,100,100
19595,100,100
19596,100,100
19597,100,100
19598,100,100
19599,100,100
19600,100,100
19601,100,100
19602,100,100
19603,100,100
19604,100,100
19605,100,100
19606,100,100
19607,100,100
19608,100,100
19609,100,100
19610,100,100
19611,100,100
19612,100,100
19613,100,100
19614,100,100
19615,100,100
19616,100,100
19617,100,100
19618,100,100
19619,100,100
19620,100,100
19621,100,100
19622,100,100
19623,100,100
19624,100,100
19625,100,100
19626,100,100
19627,100,100
19628,100,100
19629,100,100
19630,100,100
19631,100,100
19632,100,100
19633,100,100
19634,100,100
19635,100,100
19636,100,100
19637,100,100
19638,100,100
19639,100,100
19640,100,100
19641,100,100
19642,100,100
19643,100,100
19644,100,100
19645,100,100
19646,100,100
19647,100,100
19648,100,100
19649,100,100
19650,100,100
19651,100,100
19652,100,100
19653,100,100
19654,100,100
19655,100,100
19656,100,100
19657,100,100
19658,100,100
19659,100,100
19660,100,100
19661,100,100
19662,100,100
19663,100,100
19664,100,100
19665,100,100
19666,100,100
19667,100,100
19668,100,100
19669,100,100
19670,100,100
19671,100,100
19672,100,100
19673,100,100
19674,100,100
19675,100,100
19676,100,100
19677,100,100
19678,100,100
19679,100,100
19680,100,100
19681,100,100
19682,100,100
19683,100,100
19684,100,100
19685,100,100
19686,100,100
19687,100,100
19688,100,100
19689,100,100
19690,100,100
19691,100,100
19692,100,100
19693,100,100
19694,100,100
19695,100,100
19696,100,100
19697,100,100
19698,100,100
19699,100,100
19700,100,100
19701,100,100
19702,100,100
19703,100,100
19704,100,100
19705,100,100
19706,100,100
19707,100,100
19708,100,100
19709,100,100
19710,100,100
19711,100,100
19712,100,100
19713,100,100
19714,100,100
19715,100,100
19716,100,100
19717,100,100
19718,100,100
19719,100,100
19720,100,100
19721,100,100
19722,100,100
19723,100,100
19724,100,100
19725,100,100
19726,100,100
19727,100,100
19728,100,100
19729,100,100
19730,100,100
19731,100,100
19732,100,100
19733,100,100
19734,100,100
19735,100,100
19736,100,100
19737,100,100
19738,100,100
19739,100,100
19740,100,100
19741,100,100
19742,100,100
19743,100,100
19744,100,100
19745,100,100
19746,100,100
19747,100,100
19748,100,100
19749,100,100
19750,100,100
19751,100,100
19752,100,100
19753,100,100
19754,100,100
19755,100,100
19756,100,100
19757,100,100
19758,100,100
19759,100,100
19760,100,100
19761,100,100
19762,100,100
19763,100,100
19764,100,100
19765,100,100
19766,100,100
19767,100,100
19768,100,100
19769,100,100
19770,100,100
19771,100,100
19772,100,100
19773,100,100
19774,100,100
19775,100,100
19776,100,100
19777,100,100
19778,100,100
19779,100,100
19780,100,100
19781,100,100
19782,100,100
19783,100,100
19784,100,100
19785,100,100
19786,100,100
19787,100,100
19788,100,100
19789,100,100
19790,100,100
19791,100,100
19792,100,100
19793,100,100
19794,100,100
19795,100,100
19796,100,100
19797,100,100
19798,100,100
19799,100,100
19800,100,100
19801,100,100
19802,100,100
19803,100,100
19804,100,100
19805,100,100
19806,100,100
19807,100,100
19808,100,100
19809,100,100
19810,100,100
19811,100,100
19812,100,100
19813,100,100
19814,100,100
19815,100,100
19816,100,100
19817,100,100
19818,100,100
19819,100,100
19820,100,100
19821,100,100
19822,100,100
19823,100,100
19824,100,100
19825,100,100
19826,100,100
19827,100,100
19828,100,100
19829,100,100
19830,100,100
19831,100,100
19832,100,100
19833,100,100
19834,100,100
19835,100,100
19836,100,100
19837,100,100
19838,100,100
19839,100,100
19840,100,100
19841,100,100
19842,100,100
19843,100,100
19844,100,100
19845,100,100
19846,100,100
19847,100,100
19848,100,100
19849,100,100
19850,100,100
19851,100,100
19852,100,100
19853,100,100
19854,100,100
19855,100,100
19856,100,100
19857,100,100
19858,100,100
19859,100,100
19860,100,100
19861,100,100
19862,100,100
19863,100,100
19864,100,100
19865,100,100
19866,100,100
19867,100,100
19868,100,100
19869,100,100
19870,100,100
19871,100,100
19872,100,100
19873,100,100
19874,100,100
19875,100,100
19876,100,100
19877,100,100
19878,100,100
19879,100,100
19880,100,100
19881,100,100
19882,100,100
19883,100,100
19884,100,100
19885,100,100
19886,100,100
19887,100,100
19888,100,100
19889,100,100
19890,100,100
19891,100,100
19892,100,100
19893,100,100
19894,100,100
19895,100,100
19896,100,100
19897,100,100
19898,100,100
19899,100,100
19900,100,100
19901,100,100
19902,100,100
19903,100,100
19904,100,100
19905,100,100
19906,100,100
19907,100,100
19908,100,100
19909,100,100
19910,100,100
19911,100,100
19912,100,100
19913,100,100
19914,100,100
19915,100,100
19916,100,100
19917,100,100
19918,100,100
19919,100,100
19920,100,100
19921,100,100
19922,100,100
19923,100,100
19924,100,100
19925,100,100
19926,100,100
19927,100,100
19928,100,100
19929,100,100
19930,100,100
19931,100,100
19932,100,100
19933,100,100
19934,100,100
19935,100,100
19936,100,100
19937,100,100
19938,100,100
19939,100,100
19940,100,100
19941,100,100
19942,100,100
19943,100,100
19944,100,100
19945,100,100
19946,100,100
19947,100,100
19948,100,100
19949,100,100
19950,100,100
19951,100,100
19952,100,100
19953,100,100
19954,100,100
19955,100,100
19956,100,100
19957,100,100
19958,100,100
19959,100,100
19960,100,100
19961,100,100
19962,100,100
19963,100,100
19964,100,100
19965,100,100
19966,100,100
19967,100,100
19968,100,100
19969,100,100
19970,100,100
19971,100,100
19972,100,100
19973,100,100
19974,100,100
19975,100,100
19976,100,100
19977,100,100
19978,100,100
19979,100,100
19980,100,100
19981,100,100
19982,100,100
19983,100,100
19984,100,100
19985,100,100
19986,100,100
19987,100,100
19988,100,100
19989,100,100
19990,100,100
19991,100,100
19992,100,100
19993,100,100
19994,100,100
19995,100,100
19996,100,100
19997,100,100
19998,100,100
19999,100,100
20000,100,100
20001,100,100
20002,100,100
20003,100,100
20004,100,100
20005,100,100
20006,100,100
20007,100,100
20008,100,100
20009,100,100
20010,100,100
20011,100,100
20012,100,100
20013,100,100
20014,100,100
20015,100,100
20016,100,100
20017,100,100
20018,100,100
20019,100,100
20020,100,100
20021,100,100
20022,100,100
20023,100,100
20024,100,100
20025,100,100
20026,100,100
20027,100,100
20028,100,100
20029,100,100
20030,100,100
20031,100,100
20032,100,100
20033,100,100
20034,100,100
20035,100,100
20036,100,100
20037,100,100
20038,100,100
20039,100,100
20040,100,100
20041,100,100
20042,100,100
20043,100,100
20044,100,100
20045,100,100
20046,100,100
20047,100,100
20048,100,100
20049,100,100
20050,100,100
20051,100,100
20052,100,100
20053,100,100
20054,100,100
20055,100,100
20056,100,100
20057,100,100
20058,100,100
20059,100,100
20060,100,100
20061,100,100
20062,100,100
20063,100,100
20064,100,100
20065,100,100
20066,100,100
20067,100,100
20068,100,100
20069,100,100
20070,100,100
20071,100,100
20072,100,100
20073,100,100
20074,100,100
20075,100,100
20076,100,100
20077,100,100
20078,100,100
20079,100,100
20080,100,100
20081,100,100
20082,100,100
20083,100,100
20084,100,100
20085,100,100
20086,100,100
20087,100,100
20088,100,100
20089,100,100
20090,100,100
20091,100,100
20092,100,100
20093,100,100
20094,100,100
20095,100,100
20096,100,100
20097,100,100
20098,100,100
20099,100,100
20100,100,100
20101,100,100
20102,100,100
20103,100,100
20104,100,100
20105,100,100
20106,100,100
20107,100,100
20108,100,100
20109,100,100
20110,100,100
20111,100,100
20112,100,100
20113,100,100
20114,100,100
20115,100,100
20116,100,100
20117,100,100
20118,100,100
20119,100,100
20120,100,100
20121,100,100
20122,100,100
20123,100,100
20124,100,100
20125,100,100
20126,100,100
20127,100,100
20128,100,100
20129,100,100
20130,100,100
20131,100,100
20132,100,100
20133,100,100
20134,100,100
20135,100,100
20136,100,100
20137,100,100
20138,100,100
20139,100,100
20140,100,100
20141,100,100
20142,100,100
20143,100,100
20144,100,100
20145,100,100
20146,100,100
20147,100,100
20148,100,100
20149,100,100
20150,100,100
20151,100,100
20152,100,100
20153,100,100
20154,100,100
20155,100,100
20156,100,100
20157,100,100
20158,100,100
20159,100,100
20160,100,100
20161,100,100
20162,100,100
20163,100,100
20164,100,100
20165,100,100
20166,100,100
20167,100,100
20168,100,100
20169,100,100
20170,100,100
20171,100,100
20172,100,100
20173,100,100
20174,100,100
20175,100,100
20176,100,100
20177,100,100
20178,100,100
20179,100,100
20180,100,100
20181,100,100
20182,100,100
20183,100,100
20184,100,100
20185,100,100
20186,100,100
20187,100,100
20188,100,100
20189,100,100
20190,100,100
20191,100,100
20192,100,100
20193,100,100
20194,100,100
20195,100,100
20196,100,100
20197,100,100
20198,100,100
20199,100,100
20200,100,100
20201,100,100
20202,100,100
20203,100,100
20204,100,100
20205,100,100
20206,100,100
20207,100,100
20208,100,100
20209,100,100
20210,100,100
20211,100,100
20212,100,100
20213,100,100
20214,100,100
20215,100,100
20216,100,100
20217,100,100
20218,100,100
20219,100,100
20220,100,100
20221,100,100
20222,100,100
20223,100,100
20224,100,100
20225,100,100
20226,100,100
20227,100,100
20228,100,100
20229,100,100
20230,100,100
20231,100,100
20232,100,100
20233,100,100
20234,100,100
20235,100,100
20236,100,100
20237,100,100
20238,100,100
20239,100,100
20240,100,100
20241,100,100
20242,100,100
20243,100,100
20244,100,100
20245,100,100
20246,100,100
20247,100,100
20248,100,100
20249,100,100
20250,100,100
20251,100,100
20252,100,100
20253,100,100
20254,100,100
20255,100,100
20256,100,100
20257,100,100
20258,100,100
20259,100,100
20260,100,100
20261,100,100
20262,100,100
20263,100,100
20264,100,100
20265,100,100
20266,100,100
20267,100,100
20268,100,100
20269,100,100
20270,100,100
20271,100,100
20272,100,100
20273,100,100
20274,100,100
20275,100,100
20276,100,100
20277,100,100
20278,100,100
20279,100,100
20280,100,100
20281,100,100
20282,100,100
20283,100,100
20284,100,100
20285,100,100
20286,100,100
20287,100,100
20288,100,100
20289,100,100
20290,100,100
20291,100,100
20292,100,100
20293,100,100
20294,100,100
20295,100,100
20296,100,100
20297,100,100
20298,100,100
20299,100,100
20300,100,100
20301,100,100
20302,100,100
20303,100,100
20304,100,100
20305,100,100
20306,100,100
20307,100,100
20308,100,100
20309,100,100
20310,100,100
20311,100,100
20312,100,100
20313,100,100
20314,100,100
20315,100,100
20316,100,100
20317,100,100
20318,100,100
20319,100,100
20320,100,100
20321,100,100
20322,100,100
20323,100,100
20324,100,100
20325,100,100
20326,100,100
20327,100,100
20328,100,100
20329,100,100
20330,100,100
20331,100,100
20332,100,100
20333,100,100
20334,100,100
20335,100,100
20336,100,100
20337,100,100
20338,100,100
20339,100,100
20340,100,100
20341,100,100
20342,100,100
20343,100,100
20344,100,100
20345,100,100
20346,100,100
20347,100,100
20348,100,100
20349,100,100
20350,100,100
20351,100,100
20352,100,100
20353,100,100
20354,100,100
20355,100,100
20356,100,100
20357,100,100
20358,100,100
20359,100,100
20360,100,100
20361,100,100
20362,100,100
20363,100,100
20364,100,100
20365,100,100
20366,100,100
20367,100,100
20368,100,100
20369,100,100
20370,100,100
20371,100,100
20372,100,100
20373,100,100
20374,100,100
20375,100,100
20376,100,100
20377,100,100
20378,100,100
20379,100,100
20380,100,100
20381,100,100
20382,100,100
20383,100,100
20384,100,100
20385,100,100
20386,100,100
20387,100,100
20388,100,100
20389,100,100
20390,100,100
20391,100,100
20392,100,100
20393,100,100
20394,100,100
20395,100,100
20396,100,100
20397,100,100
20398,100,100
20399,100,100
20400,99,101
20401,99,101
20402,99,101
20403,99,101
20404,99,101
20405,99,101
20406,99,101
20407,99,101
20408,99,101
20409,99,101
20410,99,101
20411,99,101
20412,99,101
20413,99,101
20414,99,101
20415,99,101
20416,99,101
20417,99,101
20418,99,101
20419,99,101
20420,99,101
20421,99,101
20422,99,101
20423,99,101
20424,99,101
20425,99,101
20426,99,101
20427,99,101
20428,99,101
20429,99,101
20430,99,101
20431,99,101
20432,99,101
20433,99,101
20434,99,101
20435,99,101
20436,99,101
20437,99,101
20438,99,101
20439,99,101
20440,99,101
20441,99,101
20442,99,101
20443,99,101
20444,99,101
20445,99,101
20446,99,101
20447,99,101
20448,99,101
20449,99,101
20450,99,101
20451,99,101
20452,99,101
20453,99,101
20454,99,101
20455,99,101
20456,99,101
20457,99,101
20458,99,101
20459,99,101
20460,99,101
20461,99,101
20462,99,101
20463,99,101
20464,99,101
20465,99,101
20466,99,101
20467,99,101
20468,99,101
20469,99,101
20470,99,101
20471,99,101
20472,99,101
20473,99,101
20474,99,101
20475,99,101
20476,99,101
20477,99,101
20478,99,101
20479,99,101
20480,99,101
20481,99,101
20482,99,101
20483,99,101
20484,99,101
20485,99,101
20486,99,101
20487,99,101
20488,99,101
20489,99,101
20490,99,101
20491,99,101
20492,99,101
20493,99,101
20494,99,101
20495,99,101
20496,99,101
20497,99,101
20498,99,101
20499,99,101
20500,100,100
20501,100,100
20502,100,100
20503,100,100
20504,100,100
20505,100,100
20506,100,100
20507,100,100
20508,100,100
20509,100,100
20510,100,100
20511,100,100
20512,100,100
20513,100,100
20514,100,100
20515,100,100
20516,100,100
20517,100,100
20518,100,100
20519,100,100
20520,100,100
20521,100,100
20522,100,100
20523,100,100
20524,100,100
20525,100,100
20526,100,100
20527,100,100
20528,100,100
20529,100,100
20530,100,100
20531,100,100
20532,100,100
20533,100,100
20534,100,100
20535,100,100
20536,100,100
20537,100,100
20538,100,100
20539,100,100
20540,100,100
20541,100,100
20542,100,100
20543,100,100
20544,100,100
20545,100,100
20546,100,100
20547,100,100
20548,100,100
20549,100,100
20550,100,100
20551,100,100
20552,100,100
20553,100,100
20554,100,100
20555,100,100
20556,100,100
20557,100,100
20558,100,100
20559,100,100
20560,100,100
20561,100,100
20562,100,100
20563,100,100
20564,100,100
20565,100,100
20566,100,100
20567,100,100
20568,100,100
20569,100,100
20570,100,100
20571,100,100
20572,100,100
20573,100,100
20574,100,100
20575,100,100
20576,100,100
20577,100,100
20578,100,100
20579,100,100
20580,100,100
20581,100,100
20582,100,100
20583,100,100
20584,100,100
20585,100,100
20586,100,100
20587,100,100
20588,100,100
20589,100,100
20590,100,100
20591,100,100
20592,100,100
20593,100,100
20594,100,100
20595,100,100
20596,100,100
20597,100,100
20598,100,100
20599,100,100
20600,100,100
20601,100,100
20602,100,100
20603,100,100
20604,100,100
20605,100,100
20606,100,100
20607,100,100
20608,100,100
20609,100,100
20610,100,100
20611,100,100
20612,100,100
20613,100,100
20614,100,100
20615,100,100
20616,100,100
20617,100,100
20618,100,100
20619,100,100
20620,100,100
20621,100,100
20622,100,100
20623,100,100
20624,100,100
20625,100,100
20626,100,100
20627,100,100
20628,100,100
20629,100,100
20630,100,100
20631,100,100
20632,100,100
20633,100,100
20634,100,100
20635,100,100
20636,100,100
20637,100,100
20638,100,100
20639,100,100
20640,100,100
20641,100,100
20642,100,100
20643,100,100
20644,100,100
20645,100,100
20646,100,100
20647,100,100
20648,100,100
20649,100,100
20650,100,100
20651,100,100
20652,100,100
20653,100,100
20654,100,100
20655,100,100
20656,100,100
20657,100,100
20658,100,100
20659,100,100
20660,100,100
20661,100,100
20662,100,100
20663,100,100
20664,100,100
20665,100,100
20666,100,100
20667,100,100
20668,100,100
20669,100,100
20670,100,100
20671,100,100
20672,100,100
20673,100,100
20674,100,100
20675,100,100
20676,100,100
20677,100,100
20678,100,100
20679,100,100
20680,100,100
20681,100,100
20682,100,100
20683,100,100
20684,100,100
20685,100,100
20686,100,100
20687,100,100
20688,100,100
20689,100,100
20690,100,100
20691,100,100
20692,100,100
20693,100,100
20694,100,100
20695,100,100
20696,100,100
20697,100,100
20698,100,100
20699,100,100
20700,100,100
20701,100,100
20702,100,100
20703,100,100
20704,100,100
20705,100,100
20706,100,100
20707,100,100
20708,100,100
20709,100,100
20710,100,100
20711,100,100
20712,100,100
20713,100,100
20714,100,100
20715,100,100
20716,100,100
20717,100,100
20718,100,100
20719,100,100
20720,100,100
20721,100,100
20722,100,100
20723,100,100
20724,100,100
20725,100,100
20726,100,100
20727,100,100
20728,100,100
20729,100,100
20730,100,100
20731,100,100
20732,100,100
20733,100,100
20734,100,100
20735,100,100
20736,100,100
20737,100,100
20738,100,100
20739,100,100
20740,100,100
20741,100,100
20742,100,100
20743,100,100
20744,100,100
20745,100,100
20746,100,100
20747,100,100
20748,100,100
20749,100,100
20750,100,100
20751,100,100
20752,100,100
20753,100,100
20754,100,100
20755,100,100
20756,100,100
20757,100,100
20758,100,100
20759,100,100
20760,100,100
20761,100,100
20762,100,100
20763,100,100
20764,100,100
20765,100,100
20766,100,100
20767,100,100
20768,100,100
20769,100,100
20770,100,100
20771,100,100
20772,100,100
20773,100,100
20774,100,100
20775,100,100
20776,100,100
20777,100,100
20778,100,100
20779,100,100
20780,100,100
20781,100,100
20782,100,100
20783,100,100
20784,100,100
20785,100,100
20786,100,100
20787,100,100
20788,100,100
20789,100,100
20790,100,100
20791,100,100
20792,100,100
20793,100,100
20794,100,100
20795,100,100
20796,100,100
20797,100,100
20798,100,100
20799,100,100
20800,100,100
20801,100,100
20802,100,100
20803,100,100
20804,100,100
20805,100,100
20806,100,100
20807,100,100
20808,100,100
20809,100,100
20810,100,100
20811,100,100
20812,100,100
20813,100,100
20814,100,100
20815,100,100
20816,100,100
20817,100,100
20818,100,100
20819,100,100
20820,100,100
20821,100,100
20822,100,100
20823,100,100
20824,100,100
20825,100,100
20826,100,100
20827,100,100
20828,100,100
20829,100,100
20830,100,100
20831,100,100
20832,100,100
20833,100,100
20834,100,100
20835,100,100
20836,100,100
20837,100,100
20838,100,100
20839,100,100
20840,100,100
20841,100,100
20842,100,100
20843,100,100
20844,100,100
20845,100,100
20846,100,100
20847,100,100
20848,100,100
20849,100,100
20850,100,100
20851,100,100
20852,100,100
20853,100,100
20854,100,100
20855,100,100
20856,100,100
20857,100,100
20858,100,100
20859,100,100
20860,100,100
20861,100,100
20862,100,100
20863,100,100
20864,100,100
20865,100,100
20866,100,100
20867,100,100
20868,100,100
20869,100,100
20870,100,100
20871,100,100
20872,100,100
20873,100,100
20874,100,100
20875,100,100
20876,100,100
20877,100,100
20878,100,100
20879,100,100
20880,100,100
20881,100,100
20882,100,100
20883,100,100
20884,100,100
20885,100,100
20886,100,100
20887,100,100
20888,100,100
20889,100,100
20890,100,100
20891,100,100
20892,100,100
20893,100,100
20894,100,100
20895,100,100
20896,100,100
20897,100,100
20898,100,100
20899,100,100
20900,100,100
20901,100,100
20902,100,100
20903,100,100
20904,100,100
20905,100,100
20906,100,100
20907,100,100
20908,100,100
20909,100,100
20910,100,100
20911,100,100
20912,100,100
20913,100,100
20914,100,100
20915,100,100
20916,100,100
20917,100,100
20918,100,100
20919,100,100
20920,100,100
20921,100,100
20922,100,100
20923,100,100
20924,100,100
20925,100,100
20926,100,100
20927,100,100
20928,100,100
20929,100,100
20930,100,100
20931,100,100
20932,100,100
20933,100,100
20934,100,100
20935,100,100
20936,100,100
20937,100,100
20938,100,100
20939,100,100
20940,100,100
20941,100,100
20942,100,100
20943,100,100
20944,100,100
20945,100,100
20946,100,100
20947,100,100
20948,100,100
20949,100,100
20950,100,100
20951,100,100
20952,100,100
20953,100,100
20954,100,100
20955,100,100
20956,100,100
20957,100,100
20958,100,100
20959,100,100
20960,100,100
20961,100,100
20962,100,100
20963,100,100
20964,100,100
20965,100,100
20966,100,100
20967,100,100
20968,100,100
20969,100,100
20970,100,100
20971,100,100
20972,100,100
20973,100,100
20974,100,100
20975,100,100
20976,100,100
20977,100,100
20978,100,100
20979,100,100
20980,100,100
20981,100,100
20982,100,100
20983,100,100
20984,100,100
20985,100,100
20986,100,100
20987,100,100
20988,100,100
20989,100,100
20990,100,100
20991,100,100
20992,100,100
20993,100,100
20994,100,100
20995,100,100
20996,100,100
20997,100,100
20998,100,100
20999,100,100
21000,100,100
21001,100,100
21002,100,100
21003,100,100
21004,100,100
21005,100,100
21006,100,100
21007,100,100
21008,100,100
21009,100,100
21010,100,100
21011,100,100
21012,100,100
21013,100,100
21014,100,100
21015,100,100
21016,100,100
21017,100,100
21018,100,100
21019,100,100
21020,100,100
21021,100,100
21022,100,100
21023,100,100
21024,100,100
21025,100,100
21026,100,100
21027,100,100
21028,100,100
21029,100,100
21030,100,100
21031,100,100
21032,100,100
21033,100,100
21034,100,100
21035,100,100
21036,100,100
21037,100,100
21038,100,100
21039,100,100
21040,100,100
21041,100,100
21042,100,100
21043,100,100
21044,100,100
21045,100,100
21046,100,100
21047,100,100
21048,100,100
21049,100,100
21050,100,100
21051,100,100
21052,100,100
21053,100,100
21054,100,100
21055,100,100
21056,100,100
21057,100,100
21058,100,100
21059,100,100
21060,100,100
21061,100,100
21062,100,100
21063,100,100
21064,100,100
21065,100,100
21066,100,100
21067,100,100
21068,100,100
21069,100,100
21070,100,100
21071,100,100
21072,100,100
21073,100,100
21074,100,100
21075,100,100
21076,100,100
21077,100,100
21078,100,100
21079,100,100
21080,100,100
21081,100,100
21082,100,100
21083,100,100
21084,100,100
21085,100,100
21086,100,100
21087,100,100
21088,100,100
21089,100,100
21090,100,100
21091,100,100
21092,100,100
21093,100,100
21094,100,100
21095,100,100
21096,100,100
21097,100,100
21098,100,100
21099,100,100
21100,99,101
21101,99,101
21102,99,101
21103,99,101
21104,99,101
21105,99,101
21106,99,101
21107,99,101
21108,99,101
21109,99,101
21110,99,101
21111,99,101
21112,99,101
21113,99,101
21114,99,101
21115,99,101
21116,99,101
21117,99,101
21118,99,101
21119,99,101
21120,99,101
21121,99,101
21122,99,101
21123,99,101
21124,99,101
21125,99,101
21126,99,101
21127,99,101
21128,99,101
21129,99,101
21130,99,101
21131,99,101
21132,99,101
21133,99,101
21134,99,101
21135,99,101
21136,99,101
21137,99,101
21138,99,101
21139,99,101
21140,99,101
21141,99,101
21142,99,101
21143,99,101
21144,99,101
21145,99,101
21146,99,101
21147,99,101
21148,99,101
21149,99,101
21150,99,101
21151,99,101
21152,99,101
21153,99,101
21154,99,101
21155,99,101
21156,99,101
21157,99,101
21158,99,101
21159,99,101
21160,99,101
21161,99,101
21162,99,101
21163,99,101
21164,99,101
21165,99,101
21166,99,101
21167,99,101
21168,99,101
21169,99,101
21170,99,101
21171,99,101
21172,99,101
21173,99,101
21174,99,101
21175,99,101
21176,99,101
21177,99,101
21178,99,101
21179,99,101
21180,99,101
21181,99,101
21182,99,101
21183,99,101
21184,99,101
21185,99,101
21186,99,101
21187,99,101
21188,99,101
21189,99,101
21190,99,101
21191,99,101
21192,99,101
21193,99,101
21194,99,101
21195,99,101
21196,99,101
21197,99,101
21198,99,101
21199,99,101
21200,100,100
21201,100,100
21202,100,100
21203,100,100
21204,100,100
21205,100,100
21206,100,100
21207,100,100
21208,100,100
21209,100,100
21210,100,100
21211,100,100
21212,100,100
21213,100,100
21214,100,100
21215,100,100
21216,100,100
21217,100,100
21218,100,100
21219,100,100
21220,100,100
21221,100,100
21222,100,100
21223,100,100
21224,100,100
21225,100,100
21226,100,100
21227,100,100
21228,100,100
21229,100,100
21230,100,100
21231,100,100
21232,100,100
21233,100,100
21234,100,100
21235,100,100
21236,100,100
21237,100,100
21238,100,100
21239,100,100
21240,100,100
21241,100,100
21242,100,100
21243,100,100
21244,100,100
21245,100,100
21246,100,100
21247,100,100
21248,100,100
21249,100,100
21250,100,100
21251,100,100
21252,100,100
21253,100,100
21254,100,100
21255,100,100
21256,100,100
21257,100,100
21258,100,100
21259,100,100
21260,100,100
21261,100,100
21262,100,100
21263,100,100
21264,100,100
21265,100,100
21266,100,100
21267,100,100
21268,100,100
21269,100,100
21270,100,100
21271,100,100
21272,100,100
21273,100,100
21274,100,100
21275,100,100
21276,100,100
21277,100,100
21278,100,100
21279,100,100
21280,100,100
21281,100,100
21282,100,100
21283,100,100
21284,100,100
21285,100,100
21286,100,100
21287,100,100
21288,100,100
21289,100,100
21290,100,100
21291,100,100
21292,100,100
21293,100,100
21294,100,100
21295,100,100
21296,100,100
21297,100,100
21298,100,100
21299,100,100
21300,100,100
21301,100,100
21302,100,100
21303,100,100
21304,100,100
21305,100,100
21306,100,100
21307,100,100
21308,100,100
21309,100,100
21310,100,100
21311,100,100
21312,100,100
21313,100,100
21314,100,100
21315,100,100
21316,100,100
21317,100,100
21318,100,100
21319,100,100
21320,100,100
21321,100,100
21322,100,100
21323,100,100
21324,100,100
21325,100,100
21326,100,100
21327,100,100
21328,100,100
21329,100,100
21330,100,100
21331,100,100
21332,100,100
21333,100,100
21334,100,100
21335,100,100
21336,100,100
21337,100,100
21338,100,100
21339,100,100
21340,100,100
21341,100,100
21342,100,100
21343,100,100
21344,100,100
21345,100,100
21346,100,100
21347,100,100
21348,100,100
21349,100,100
21350,100,100
21351,100,100
21352,100,100
21353,100,100
21354,100,100
21355,100,100
21356,100,100
21357,100,100
21358,100,100
21359,100,100
21360,100,100
21361,100,100
21362,100,100
21363,100,100
21364,100,100
21365,100,100
21366,100,100
21367,100,100
21368,100,100
21369,100,100
21370,100,100
21371,100,100
21372,100,100
21373,100,100
21374,100,100
21375,100,100
21376,100,100
21377,100,100
21378,100,100
21379,100,100
21380,100,100
21381,100,100
21382,100,100
21383,100,100
21384,100,100
21385,100,100
21386,100,100
21387,100,100
21388,100,100
21389,100,100
21390,100,100
21391,100,100
21392,100,100
21393,100,100
21394,100,100
21395,100,100
21396,100,100
21397,100,100
21398,100,100
21399,100,100
21400,100,100
21401,100,100
21402,100,100
21403,100,100
21404,100,100
21405,100,100
21406,100,100
21407,100,100
21408,100,100
21409,100,100
21410,100,100
21411,100,100
21412,100,100
21413,100,100
21414,100,100
21415,100,100
21416,100,100
21417,100,100
21418,100,100
21419,100,100
21420,100,100
21421,100,100
21422,100,100
21423,100,100
21424,100,100
21425,100,100
21426,100,100
21427,100,100
21428,100,100
21429,100,100
21430,100,100
21431,100,100
21432,100,100
21433,100,100
21434,100,100
21435,100,100
21436,100,100
21437,100,100
21438,100,100
21439,100,100
21440,100,100
21441,100,100
21442,100,100
21443,100,100
21444,100,100
21445,100,100
21446,100,100
21447,100,100
21448,100,100
21449,100,100
21450,100,100
21451,100,100
21452,100,100
21453,100,100
21454,100,100
21455,100,100
21456,100,100
21457,100,100
21458,100,100
21459,100,100
21460,100,100
21461,100,100
21462,100,100
21463,100,100
21464,100,100
21465,100,100
21466,100,100
21467,100,100
21468,100,100
21469,100,100
21470,100,100
21471,100,100
21472,100,100
21473,100,100
21474,100,100
21475,100,100
21476,100,100
21477,100,100
21478,100,100
21479,100,100
21480,100,100
21481,100,100
21482,100,100
21483,100,100
21484,100,100
21485,100,100
21486,100,100
21487,100,100
21488,100,100
21489,100,100
21490,100,100
21491,100,100
21492,100,100
21493,100,100
21494,100,100
21495,100,100
21496,100,100
21497,100,100
21498,100,100
21499,100,100
21500,100,100
21501,100,100
21502,100,100
21503,100,100
21504,100,100
21505,100,100
21506,100,100
21507,100,100
21508,100,100
21509,100,100
21510,100,100
21511,100,100
21512,100,100
21513,100,100
21514,100,100
21515,100,100
21516,100,100
21517,100,100
21518,100,100
21519,100,100
21520,100,100
21521,100,100
21522,100,100
21523,100,100
21524,100,100
21525,100,100
21526,100,100
21527,100,100
21528,100,100
21529,100,100
21530,100,100
21531,100,100
21532,100,100
21533,100,100
21534,100,100
21535,100,100
21536,100,100
21537,100,100
21538,100,100
21539,100,100
21540,100,100
21541,100,100
21542,100,100
21543,100,100
21544,100,100
21545,100,100
21546,100,100
21547,100,100
21548,100,100
21549,100,100
21550,100,100
21551,100,100
21552,100,100
21553,100,100
21554,100,100
21555,100,100
21556,100,100
21557,100,100
21558,100,100
21559,100,100
21560,100,100
21561,100,100
21562,100,100
21563,100,100
21564,100,100
21565,100,100
21566,100,100
21567,100,100
21568,100,100
21569,100,100
21570,100,100
21571,100,100
21572,100,100
21573,100,100
21574,100,100
21575,100,100
21576,100,100
21577,100,100
21578,100,100
21579,100,100
21580,100,100
21581,100,100
21582,100,100
21583,100,100
21584,100,100
21585,100,100
21586,100,100
21587,100,100
21588,100,100
21589,100,100
21590,100,100
21591,100,100
21592,100,100
21593,100,100
21594,100,100
21595,100,100
21596,100,100
21597,100,100
21598,100,100
21599,100,100
21600,100,100
21601,100,100
21602,100,100
21603,100,100
21604,100,100
21605,100,100
21606,100,100
21607,100,100
21608,100,100
21609,100,100
21610,100,100
21611,100,100
21612,100,100
21613,100,100
21614,100,100
21615,100,100
21616,100,100
21617,100,100
21618,100,100
21619,100,100
21620,100,100
21621,100,100
21622,100,100
21623,100,100
21624,100,100
21625,100,100
21626,100,100
21627,100,100
21628,100,100
21629,100,100
21630,100,100
21631,100,100
21632,100,100
21633,100,100
21634,100,100
21635,100,100
21636,100,100
21637,100,100
21638,100,100
21639,100,100
21640,100,100
21641,100,100
21642,100,100
21643,100,100
21644,100,100
21645,100,100
21646,100,100
21647,100,100
21648,100,100
21649,100,100
21650,100,100
21651,100,100
21652,100,100
21653,100,100
21654,100,100
21655,100,100
21656,100,100
21657,100,100
21658,100,100
21659,100,100
21660,100,100
21661,100,100
21662,100,100
21663,100,100
21664,100,100
21665,100,100
21666,100,100
21667,100,100
21668,100,100
21669,100,100
21670,100,100
21671,100,100
21672,100,100
21673,100,100
21674,100,100
21675,100,100
21676,100,100
21677,100,100
21678,100,100
21679,100,100
21680,100,100
21681,100,100
21682,100,100
21683,100,100
21684,100,100
21685,100,100
21686,100,100
21687,100,100
21688,100,100
21689,100,100
21690,100,100
21691,100,100
21692,100,100
21693,100,100
21694,100,100
21695,100,100
21696,100,100
21697,100,100
21698,100,100
21699,100,100
21700,99,101
21701,99,101
21702,99,101
21703,99,101
21704,99,101
21705,99,101
21706,99,101
21707,99,101
21708,99,101
21709,99,101
21710,99,101
21711,99,101
21712,99,101
21713,99,101
21714,99,101
21715,99,101
21716,99,101
21717,99,101
21718,99,101
21719,99,101
21720,99,101
21721,99,101
21722,99,101
21723,99,101
21724,99,101
21725,99,101
21726,99,101
21727,99,101
21728,99,101
21729,99,101
21730,99,101
21731,99,101
21732,99,101
21733,99,101
21734,99,101
21735,99,101
21736,99,101
21737,99,101
21738,99,101
21739,99,101
21740,99,101
21741,99,101
21742,99,101
21743,99,101
21744,99,101
21745,99,101
21746,99,101
21747,99,101
21748,99,101
21749,99,101
21750,99,101
21751,99,101
21752,99,101
21753,99,101
21754,99,101
21755,99,101
21756,99,101
21757,99,101
21758,99,101
21759,99,101
21760,99,101
21761,99,101
21762,99,101
21763,99,101
21764,99,101
21765,99,101
21766,99,101
21767,99,101
21768,99,101
21769,99,101
21770,99,101
21771,99,101
21772,99,101
21773,99,101
21774,99,101
21775,99,101
21776,99,101
21777,99,101
21778,99,101
21779,99,101
21780,99,101
21781,99,101
21782,99,101
21783,99,101
21784,99,101
21785,99,101
21786,99,101
21787,99,101
21788,99,101
21789,99,101
21790,99,101
21791,99,101
21792,99,101
21793,99,101
21794,99,101
21795,99,101
21796,99,101
21797,99,101
21798,99,101
21799,99,101
21800,100,100
21801,100,100
21802,100,100
21803,100,100
21804,100,100
21805,100,100
21806,100,100
21807,100,100
21808,100,100
21809,100,100
21810,100,100
21811,100,100
21812,100,100
21813,100,100
21814,100,100
21815,100,100
21816,100,100
21817,100,100
21818,100,100
21819,100,100
21820,100,100
21821,100,100
21822,100,100
21823,100,100
21824,100,100
21825,100,100
21826,100,100
21827,100,100
21828,100,100
21829,100,100
21830,100,100
21831,100,100
21832,100,100
21833,100,100
21834,100,100
21835,100,100
21836,100,100
21837,100,100
21838,100,100
21839,100,100
21840,100,100
21841,100,100
21842,100,100
21843,100,100
21844,100,100
21845,100,100
21846,100,100
21847,100,100
21848,100,100
21849,100,100
21850,100,100
21851,100,100
21852,100,100
21853,100,100
21854,100,100
21855,100,100
21856,100,100
21857,100,100
21858,100,100
21859,100,100
21860,100,100
21861,100,100
21862,100,100
21863,100,100
21864,100,100
21865,100,100
21866,100,100
21867,100,100
21868,100,100
21869,100,100
21870,100,100
21871,100,100
21872,100,100
21873,100,100
21874,100,100
21875,100,100
21876,100,100
21877,100,100
21878,100,100
21879,100,100
21880,100,100
21881,100,100
21882,100,100
21883,100,100
21884,100,100
21885,100,100
21886,100,100
21887,100,100
21888,100,100
21889,100,100
21890,100,100
21891,100,100
21892,100,100
21893,100,100
21894,100,100
21895,100,100
21896,100,100
21897,100,100
21898,100,100
21899,100,100
21900,100,100
21901,100,100
21902,100,100
21903,100,100
21904,100,100
21905,100,100
21906,100,100
21907,100,100
21908,100,100
21909,100,100
21910,100,100
21911,100,100
21912,100,100
21913,100,100
21914,100,100
21915,100,100
21916,100,100
21917,100,100
21918,100,100
21919,100,100
21920,100,100
21921,100,100
21922,100,100
21923,100,100
21924,100,100
21925,100,100
21926,100,100
21927,100,100
21928,100,100
21929,100,100
21930,100,100
21931,100,100
21932,100,100
21933,100,100
21934,100,100
21935,100,100
21936,100,100
21937,100,100
21938,100,100
21939,100,100
21940,100,100
21941,100,100
21942,100,100
21943,100,100
21944,100,100
21945,100,100
21946,100,100
21947,100,100
21948,100,100
21949,100,100
21950,100,100
21951,100,100
21952,100,100
21953,100,100
21954,100,100
21955,100,100
21956,100,100
21957,100,100
21958,100,100
21959,100,100
21960,100,100
21961,100,100
21962,100,100
21963,100,100
21964,100,100
21965,100,100
21966,100,100
21967,100,100
21968,100,100
21969,100,100
21970,100,100
21971,100,100
21972,100,100
21973,100,100
21974,100,100
21975,100,100
21976,100,100
21977,100,100
21978,100,100
21979,100,100
21980,100,100
21981,100,100
21982,100,100
21983,100,100
21984,100,100
21985,100,100
21986,100,100
21987,100,100
21988,100,100
21989,100,100
21990,100,100
21991,100,100
21992,100,100
21993,100,100
21994,100,100
21995,100,100
21996,100,100
21997,100,100
21998,100,100
21999,100,100
22000,99,101
22001,99,101
22002,99,101
22003,99,101
22004,99,101
22005,99,101
22006,99,101
22007,99,101
22008,99,101
22009,99,101
22010,99,101
22011,99,101
22012,99,101
22013,99,101
22014,99,101
22015,99,101
22016,99,101
22017,99,101
22018,99,101
22019,99,101
22020,99,101
22021,99,101
22022,99,101
22023,99,101
22024,99,101
22025,99,101
22026,99,101
22027,99,101
22028,99,101
22029,99,101
22030,99,101
22031,99,101
22032,99,101
22033,99,101
22034,99,101
22035,99,101
22036,99,101
22037,99,101
22038,99,101
22039,99,101
22040,99,101
22041,99,101
22042,99,101
22043,99,101
22044,99,101
22045,99,101
22046,99,101
22047,99,101
22048,99,101
22049,99,101
22050,99,101
22051,99,101
22052,99,101
22053,99,101
22054,99,101
22055,99,101
22056,99,101
22057,99,101
22058,99,101
22059,99,101
22060,99,101
22061,99,101
22062,99,101
22063,99,101
22064,99,101
22065,99,101
22066,99,101
22067,99,101
22068,99,101
22069,99,101
22070,99,101
22071,99,101
22072,99,101
22073,99,101
22074,99,101
22075,99,101
22076,99,101
22077,99,101
22078,99,101
22079,99,101
22080,99,101
22081,99,101
22082,99,101
22083,99,101
22084,99,101
22085,99,101
22086,99,101
22087,99,101
22088,99,101
22089,99,101
22090,99,101
22091,99,101
22092,99,101
22093,99,101
22094,99,101
22095,99,101
22096,99,101
22097,99,101
22098,99,101
22099,99,101
22100,100,100
22101,100,100
22102,100,100
22103,100,100
22104,100,100
22105,100,100
22106,100,100
22107,100,100
22108,100,100
22109,100,100
22110,100,100
22111,100,100
22112,100,100
22113,100,100
22114,100,100
22115,100,100
22116,100,100
22117,100,100
22118,100,100
22119,100,100
22120,100,100
22121,100,100
22122,100,100
22123,100,100
22124,100,100
22125,100,100
22126,100,100
22127,100,100
22128,100,100
22129,100,100
22130,100,100
22131,100,100
22132,100,100
22133,100,100
22134,100,100
22135,100,100
22136,100,100
22137,100,100
22138,100,100
22139,100,100
22140,100,100
22141,100,100
22142,100,100
22143,100,100
22144,100,100
22145,100,100
22146,100,100
22147,100,100
22148,100,100
22149,100,100
22150,100,100
22151,100,100
22152,100,100
22153,100,100
22154,100,100
22155,100,100
22156,100,100
22157,100,100
22158,100,100
22159,100,100
22160,100,100
22161,100,100
22162,100,100
22163,100,100
22164,100,100
22165,100,100
22166,100,100
22167,100,100
22168,100,100
22169,100,100
22170,100,100
22171,100,100
22172,100,100
22173,100,100
22174,100,100
22175,100,100
22176,100,100
22177,100,100
22178,100,100
22179,100,100
22180,100,100
22181,100,100
22182,100,100
22183,100,100
22184,100,100
22185,100,100
22186,100,100
22187,100,100
22188,100,100
22189,100,100
22190,100,100
22191,100,100
22192,100,100
22193,100,100
22194,100,100
22195,100,100
22196,100,100
22197,100,100
22198,100,100
22199,100,100
22200,100,100
22201,100,100
22202,100,100
22203,100,100
22204,100,100
22205,100,100
22206,100,100
22207,100,100
22208,100,100
22209,100,100
22210,100,100
22211,100,100
22212,100,100
22213,100,100
22214,100,100
22215,100,100
22216,100,100
22217,100,100
22218,100,100
22219,100,100
22220,100,100
22221,100,100
22222,100,100
22223,100,100
22224,100,100
22225,100,100
22226,100,100
22227,100,100
22228,100,100
22229,100,100
22230,100,100
22231,100,100
22232,100,100
22233,100,100
22234,100,100
22235,100,100
22236,100,100
22237,100,100
22238,100,100
22239,100,100
22240,100,100
22241,100,100
22242,100,100
22243,100,100
22244,100,100
22245,100,100
22246,100,100
22247,100,100
22248,100,100
22249,100,100
22250,100,100
22251,100,100
22252,100,100
22253,100,100
22254,100,100
22255,100,100
22256,100,100
22257,100,100
22258,100,100
22259,100,100
22260,100,100
22261,100,100
22262,100,100
22263,100,100
22264,100,100
22265,100,100
22266,100,100
22267,100,100
22268,100,100
22269,100,100
22270,100,100
22271,100,100
22272,100,100
22273,100,100
22274,100,100
22275,100,100
22276,100,100
22277,100,100
22278,100,100
22279,100,100
22280,100,100
22281,100,100
22282,100,100
22283,100,100
22284,100,100
22285,100,100
22286,100,100
22287,100,100
22288,100,100
22289,100,100
22290,100,100
22291,100,100
22292,100,100
22293,100,100
22294,100,100
22295,100,100
22296,100,100
22297,100,100
22298,100,100
22299,100,100
22300,100,100
22301,100,100
22302,100,100
22303,100,100
22304,100,100
22305,100,100
22306,100,100
22307,100,100
22308,100,100
22309,100,100
22310,100,100
22311,100,100
22312,100,100
22313,100,100
22314,100,100
22315,100,100
22316,100,100
22317,100,100
22318,100,100
22319,100,100
22320,100,100
22321,100,100
22322,100,100
22323,100,100
22324,100,100
22325,100,100
22326,100,100
22327,100,100
22328,100,100
22329,100,100
22330,100,100
22331,100,100
22332,100,100
22333,100,100
22334,100,100
22335,100,100
22336,100,100
22337,100,100
22338,100,100
22339,100,100
22340,100,100
22341,100,100
22342,100,100
22343,100,100
22344,100,100
22345,100,100
22346,100,100
22347,100,100
22348,100,100
22349,100,100
22350,100,100
22351,100,100
22352,100,100
22353,100,100
22354,100,100
22355,100,100
22356,100,100
22357,100,100
22358,100,100
22359,100,100
22360,100,100
22361,100,100
22362,100,100
22363,100,100
22364,100,100
22365,100,100
22366,100,100
22367,100,100
22368,100,100
22369,100,100
22370,100,100
22371,100,100
22372,100,100
22373,100,100
22374,100,100
22375,100,100
22376,100,100
22377,100,100
22378,100,100
22379,100,100
22380,100,100
22381,100,100
22382,100,100
22383,100,100
22384,100,100
22385,100,100
22386,100,100
22387,100,100
22388,100,100
22389,100,100
22390,100,100
22391,100,100
22392,100,100
22393,100,100
22394,100,100
22395,100,100
22396,100,100
22397,100,100
22398,100,100
22399,100,100
22400,100,100
22401,100,100
22402,100,100
22403,100,100
22404,100,100
22405,100,100
22406,100,100
22407,100,100
22408,100,100
22409,100,100
22410,100,100
22411,100,100
22412,100,100
22413,100,100
22414,100,100
22415,100,100
22416,100,100
22417,100,100
22418,100,100
22419,100,100
22420,100,100
22421,100,100
22422,100,100
22423,100,100
22424,100,100
22425,100,100
22426,100,100
22427,100,100
22428,100,100
22429,100,100
22430,100,100
22431,100,100
22432,100,100
22433,100,100
22434,100,100
22435,100,100
22436,100,100
22437,100,100
22438,100,100
22439,100,100
22440,100,100
22441,100,100
22442,100,100
22443,100,100
22444,100,100
22445,100,100
22446,100,100
22447,100,100
22448,100,100
22449,100,100
22450,100,100
22451,100,100
22452,100,100
22453,100,100
22454,100,100
22455,100,100
22456,100,100
22457,100,100
22458,100,100
22459,100,100
22460,100,100
22461,100,100
22462,100,100
22463,100,100
22464,100,100
22465,100,100
22466,100,100
22467,100,100
22468,100,100
22469,100,100
22470,100,100
22471,100,100
22472,100,100
22473,100,100
22474,100,100
22475,100,100
22476,100,100
22477,100,100
22478,100,100
22479,100,100
22480,100,100
22481,100,100
22482,100,100
22483,100,100
22484,100,100
22485,100,100
22486,100,100
22487,100,100
22488,100,100
22489,100,100
22490,100,100
22491,100,100
22492,100,100
22493,100,100
22494,100,100
22495,100,100
22496,100,100
22497,100,100
22498,100,100
22499,100,100
22500,100,100
22501,100,100
22502,100,100
22503,100,100
22504,100,100
22505,100,100
22506,100,100
22507,100,100
22508,100,100
22509,100,100
22510,100,100
22511,100,100
22512,100,100
22513,100,100
22514,100,100
22515,100,100
22516,100,100
22517,100,100
22518,100,100
22519,100,100
22520,100,100
22521,100,100
22522,100,100
22523,100,100
22524,100,100
22525,100,100
22526,100,100
22527,100,100
22528,100,100
22529,100,100
22530,100,100
22531,100,100
22532,100,100
22533,100,100
22534,100,100
22535,100,100
22536,100,100
22537,100,100
22538,100,100
22539,100,100
22540,100,100
22541,100,100
22542,100,100
22543,100,100
22544,100,100
22545,100,100
22546,100,100
22547,100,100
22548,100,100
22549,100,100
22550,100,100
22551,100,100
22552,100,100
22553,100,100
22554,100,100
22555,100,100
22556,100,100
22557,100,100
22558,100,100
22559,100,100
22560,100,100
22561,100,100
22562,100,100
22563,100,100
22564,100,100
22565,100,100
22566,100,100
22567,100,100
22568,100,100
22569,100,100
22570,100,100
22571,100,100
22572,100,100
22573,100,100
22574,100,100
22575,100,100
22576,100,100
22577,100,100
22578,100,100
22579,100,100
22580,100,100
22581,100,100
22582,100,100
22583,100,100
22584,100,100
22585,100,100
22586,100,100
22587,100,100
22588,100,100
22589,100,100
22590,100,100
22591,100,100
22592,100,100
22593,100,100
22594,100,100
22595,100,100
22596,100,100
22597,100,100
22598,100,100
22599,100,100
22600,100,100
22601,100,100
22602,100,100
22603,100,100
22604,100,100
22605,100,100
22606,100,100
22607,100,100
22608,100,100
22609,100,100
22610,100,100
22611,100,100
22612,100,100
22613,100,100
22614,100,100
22615,100,100
22616,100,100
22617,100,100
22618,100,100
22619,100,100
22620,100,100
22621,100,100
22622,100,100
22623,100,100
22624,100,100
22625,100,100
22626,100,100
22627,100,100
22628,100,100
22629,100,100
22630,100,100
22631,100,100
22632,100,100
22633,100,100
22634,100,100
22635,100,100
22636,100,100
22637,100,100
22638,100,100
22639,100,100
22640,100,100
22641,100,100
22642,100,100
22643,100,100
22644,100,100
22645,100,100
22646,100,100
22647,100,100
22648,100,100
22649,100,100
22650,100,100
22651,100,100
22652,100,100
22653,100,100
22654,100,100
22655,100,100
22656,100,100
22657,100,100
22658,100,100
22659,100,100
22660,100,100
22661,100,100
22662,100,100
22663,100,100
22664,100,100
22665,100,100
22666,100,100
22667,100,100
22668,100,100
22669,100,100
22670,100,100
22671,100,100
22672,100,100
22673,100,100
22674,100,100
22675,100,100
22676,100,100
22677,100,100
22678,100,100
22679,100,100
22680,100,100
22681,100,100
22682,100,100
22683,100,100
22684,100,100
22685,100,100
22686,100,100
22687,100,100
22688,100,100
22689,100,100
22690,100,100
22691,100,100
22692,100,100
22693,100,100
22694,100,100
22695,100,100
22696,100,100
22697,100,100
22698,100,100
22699,100,100
22700,100,100
22701,100,100
22702,100,100
22703,100,100
22704,100,100
22705,100,100
22706,100,100
22707,100,100
22708,100,100
22709,100,100
22710,100,100
22711,100,100
22712,100,100
22713,100,100
22714,100,100
22715,100,100
22716,100,100
22717,100,100
22718,100,100
22719,100,100
22720,100,100
22721,100,100
22722,100,100
22723,100,100
22724,100,100
22725,100,100
22726,100,100
22727,100,100
22728,100,100
22729,100,100
22730,100,100
22731,100,100
22732,100,100
22733,100,100
22734,100,100
22735,100,100
22736,100,100
22737,100,100
22738,100,100
22739,100,100
22740,100,100
22741,100,100
22742,100,100
22743,100,100
22744,100,100
22745,100,100
22746,100,100
22747,100,100
22748,100,100
22749,100,100
22750,100,100
22751,100,100
22752,100,100
22753,100,100
22754,100,100
22755,100,100
22756,100,100
22757,100,100
22758,100,100
22759,100,100
22760,100,100
22761,100,100
22762,100,100
22763,100,100
22764,100,100
22765,100,100
22766,100,100
22767,100,100
22768,100,100
22769,100,100
22770,100,100
22771,100,100
22772,100,100
22773,100,100
22774,100,100
22775,100,100
22776,100,100
22777,100,100
22778,100,100
22779,100,100
22780,100,100
22781,100,100
22782,100,100
22783,100,100
22784,100,100
22785,100,100
22786,100,100
22787,100,100
22788,100,100
22789,100,100
22790,100,100
22791,100,100
22792,100,100
22793,100,100
22794,100,100
22795,100,100
22796,100,100
22797,100,100
22798,100,100
22799,100,100
22800,99,101
22801,99,101
22802,99,101
22803,99,101
22804,99,101
22805,99,101
22806,99,101
22807,99,101
22808,99,101
22809,99,101
22810,99,101
22811,99,101
22812,99,101
22813,99,101
22814,99,101
22815,99,101
22816,99,101
22817,99,101
22818,99,101
22819,99,101
22820,99,101
22821,99,101
22822,99,101
22823,99,101
22824,99,101
22825,99,101
22826,99,101
22827,99,101
22828,99,101
22829,99,101
22830,99,101
22831,99,101
22832,99,101
22833,99,101
22834,99,101
22835,99,101
22836,99,101
22837,99,101
22838,99,101
22839,99,101
22840,99,101
22841,99,101
22842,99,101
22843,99,101
22844,99,101
22845,99,101
22846,99,101
22847,99,101
22848,99,101
22849,99,101
22850,99,101
22851,99,101
22852,99,101
22853,99,101
22854,99,101
22855,99,101
22856,99,101
22857,99,101
22858,99,101
22859,99,101
22860,99,101
22861,99,101
22862,99,101
22863,99,101
22864,99,101
22865,99,101
22866,99,101
22867,99,101
22868,99,101
22869,99,101
22870,99,101
22871,99,101
22872,99,101
22873,99,101
22874,99,101
22875,99,101
22876,99,101
22877,99,101
22878,99,101
22879,99,101
22880,99,101
22881,99,101
22882,99,101
22883,99,101
22884,99,101
22885,99,101
22886,99,101
22887,99,101
22888,99,101
22889,99,101
22890,99,101
22891,99,101
22892,99,101
22893,99,101
22894,99,101
22895,99,101
22896,99,101
22897,99,101
22898,99,101
22899,99,101
22900,98,102
22901,98,102
22902,98,102
22903,98,102
22904,98,102
22905,98,102
22906,98,102
22907,98,102
22908,98,102
22909,98,102
22910,98,102
22911,98,102
22912,98,102
22913,98,102
22914,98,102
22915,98,102
22916,98,102
22917,98,102
22918,98,102
22919,98,102
22920,98,102
22921,98,102
22922,98,102
22923,98,102
22924,98,102
22925,98,102
22926,98,102
22927,98,102
22928,98,102
22929,98,102
22930,98,102
22931,98,102
22932,98,102
22933,98,102
22934,98,102
22935,98,102
22936,98,102
22937,98,102
22938,98,102
22939,98,102
22940,98,102
22941,98,102
22942,98,102
22943,98,102
22944,98,102
22945,98,102
22946,98,102
22947,98,102
22948,98,102
22949,98,102
22950,98,102
22951,98,102
22952,98,102
22953,98,102
22954,98,102
22955,98,102
22956,98,102
22957,98,102
22958,98,102
22959,98,102
22960,98,102
22961,98,102
22962,98,102
22963,98,102
22964,98,102
22965,98,102
22966,98,102
22967,98,102
22968,98,102
22969,98,102
22970,98,102
22971,98,102
22972,98,102
22973,98,102
22974,98,102
22975,98,102
22976,98,102
22977,98,102
22978,98,102
22979,98,102
22980,98,102
22981,98,102
22982,98,102
22983,98,102
22984,98,102
22985,98,102
22986,98,102
22987,98,102
22988,98,102
22989,98,102
22990,98,102
22991,98,102
22992,98,102
22993,98,102
22994,98,102
22995,98,102
22996,98,102
22997,98,102
22998,98,102
22999,98,102
23000,100,100
23001,100,100
23002,100,100
23003,100,100
23004,100,100
23005,100,100
23006,100,100
23007,100,100
23008,100,100
23009,100,100
23010,100,100
23011,100,100
23012,100,100
23013,100,100
23014,100,100
23015,100,100
23016,100,100
23017,100,100
23018,100,100
23019,100,100
23020,100,100
23021,100,100
23022,100,100
23023,100,100
23024,100,100
23025,100,100
23026,100,100
23027,100,100
23028,100,100
23029,100,100
23030,100,100
23031,100,100
23032,100,100
23033,100,100
23034,100,100
23035,100,100
23036,100,100
23037,100,100
23038,100,100
23039,100,100
23040,100,100
23041,100,100
23042,100,100
23043,100,100
23044,100,100
23045,100,100
23046,100,100
23047,100,100
23048,100,100
23049,100,100
23050,100,100
23051,100,100
23052,100,100
23053,100,100
23054,100,100
23055,100,100
23056,100,100
23057,100,100
23058,100,100
23059,100,100
23060,100,100
23061,100,100
23062,100,100
23063,100,100
23064,100,100
23065,100,100
23066,100,100
23067,100,100
23068,100,100
23069,100,100
23070,100,100
23071,100,100
23072,100,100
23073,100,100
23074,100,100
23075,100,100
23076,100,100
23077,100,100
23078,100,100
23079,100,100
23080,100,100
23081,100,100
23082,100,100
23083,100,100
23084,100,100
23085,100,100
23086,100,100
23087,100,100
23088,100,100
23089,100,100
23090,100,100
23091,100,100
23092,100,100
23093,100,100
23094,100,100
23095,100,100
23096,100,100
23097,100,100
23098,100,100
23099,100,100
23100,100,100
23101,100,100
23102,100,100
23103,100,100
23104,100,100
23105,100,100
23106,100,100
23107,100,100
23108,100,100
23109,100,100
23110,100,100
23111,100,100
23112,100,100
23113,100,100
23114,100,100
23115,100,100
23116,100,100
23117,100,100
23118,100,100
23119,100,100
23120,100,100
23121,100,100
23122,100,100
23123,100,100
23124,100,100
23125,100,100
23126,100,100
23127,100,100
23128,100,100
23129,100,100
23130,100,100
23131,100,100
23132,100,100
23133,100,100
23134,100,100
23135,100,100
23136,100,100
23137,100,100
23138,100,100
23139,100,100
23140,100,100
23141,100,100
23142,100,100
23143,100,100
23144,100,100
23145,100,100
23146,100,100
23147,100,100
23148,100,100
23149,100,100
23150,100,100
23151,100,100
23152,100,100
23153,100,100
23154,100,100
23155,100,100
23156,100,100
23157,100,100
23158,100,100
23159,100,100
23160,100,100
23161,100,100
23162,100,100
23163,100,100
23164,100,100
23165,100,100
23166,100,100
23167,100,100
23168,100,100
23169,100,100
23170,100,100
23171,100,100
23172,100,100
23173,100,100
23174,100,100
23175,100,100
23176,100,100
23177,100,100
23178,100,100
23179,100,100
23180,100,100
23181,100,100
23182,100,100
23183,100,100
23184,100,100
23185,100,100
23186,100,100
23187,100,100
23188,100,100
23189,100,100
23190,100,100
23191,100,100
23192,100,100
23193,100,100
23194,100,100
23195,100,100
23196,100,100
23197,100,100
23198,100,100
23199,100,100
23200,100,100
23201,100,100
23202,100,100
23203,100,100
23204,100,100
23205,100,100
23206,100,100
23207,100,100
23208,100,100
23209,100,100
23210,100,100
23211,100,100
23212,100,100
23213,100,100
23214,100,100
23215,100,100
23216,100,100
23217,100,100
23218,100,100
23219,100,100
23220,100,100
23221,100,100
23222,100,100
23223,100,100
23224,100,100
23225,100,100
23226,100,100
23227,100,100
23228,100,100
23229,100,100
23230,100,100
23231,100,100
23232,100,100
23233,100,100
23234,100,100
23235,100,100
23236,100,100
23237,100,100
23238,100,100
23239,100,100
23240,100,100
23241,100,100
23242,100,100
23243,100,100
23244,100,100
23245,100,100
23246,100,100
23247,100,100
23248,100,100
23249,100,100
23250,100,100
23251,100,100
23252,100,100
23253,100,100
23254,100,100
23255,100,100
23256,100,100
23257,100,100
23258,100,100
23259,100,100
23260,100,100
23261,100,100
23262,100,100
23263,100,100
23264,100,100
23265,100,100
23266,100,100
23267,100,100
23268,100,100
23269,100,100
23270,100,100
23271,100,100
23272,100,100
23273,100,100
23274,100,100
23275,100,100
23276,100,100
23277,100,100
23278,100,100
23279,100,100
23280,100,100
23281,100,100
23282,100,100
23283,100,100
23284,100,100
23285,100,100
23286,100,100
23287,100,100
23288,100,100
23289,100,100
23290,100,100
23291,100,100
23292,100,100
23293,100,100
23294,100,100
23295,100,100
23296,100,100
23297,100,100
23298,100,100
23299,100,100
23300,100,100
23301,100,100
23302,100,100
23303,100,100
23304,100,100
23305,100,100
23306,100,100
23307,100,100
23308,100,100
23309,100,100
23310,100,100
23311,100,100
23312,100,100
23313,100,100
23314,100,100
23315,100,100
23316,100,100
23317,100,100
23318,100,100
23319,100,100
23320,100,100
23321,100,100
23322,100,100
23323,100,100
23324,100,100
23325,100,100
23326,100,100
23327,100,100
23328,100,100
23329,100,100
23330,100,100
23331,100,100
23332,100,100
23333,100,100
23334,100,100
23335,100,100
23336,100,100
23337,100,100
23338,100,100
23339,100,100
23340,100,100
23341,100,100
23342,100,100
23343,100,100
23344,100,100
23345,100,100
23346,100,100
23347,100,100
23348,100,100
23349,100,100
23350,100,100
23351,100,100
23352,100,100
23353,100,100
23354,100,100
23355,100,100
23356,100,100
23357,100,100
23358,100,100
23359,100,100
23360,100,100
23361,100,100
23362,100,100
23363,100,100
23364,100,100
23365,100,100
23366,100,100
23367,100,100
23368,100,100
23369,100,100
23370,100,100
23371,100,100
23372,100,100
23373,100,100
23374,100,100
23375,100,100
23376,100,100
23377,100,100
23378,100,100
23379,100,100
23380,100,100
23381,100,100
23382,100,100
23383,100,100
23384,100,100
23385,100,100
23386,100,100
23387,100,100
23388,100,100
23389,100,100
23390,100,100
23391,100,100
23392,100,100
23393,100,100
23394,100,100
23395,100,100
23396,100,100
23397,100,100
23398,100,100
23399,100,100
23400,100,100
23401,100,100
23402,100,100
23403,100,100
23404,100,100
23405,100,100
23406,100,100
23407,100,100
23408,100,100
23409,100,100
23410,100,100
23411,100,100
23412,100,100
23413,100,100
23414,100,100
23415,100,100
23416,100,100
23417,100,100
23418,100,100
23419,100,100
23420,100,100
23421,100,100
23422,100,100
23423,100,100
23424,100,100
23425,100,100
23426,100,100
23427,100,100
23428,100,100
23429,100,100
23430,100,100
23431,100,100
23432,100,100
23433,100,100
23434,100,100
23435,100,100
23436,100,100
23437,100,100
23438,100,100
23439,100,100
23440,100,100
23441,100,100
23442,100,100
23443,100,100
23444,100,100
23445,100,100
23446,100,100
23447,100,100
23448,100,100
23449,100,100
23450,100,100
23451,100,100
23452,100,100
23453,100,100
23454,100,100
23455,100,100
23456,100,100
23457,100,100
23458,100,100
23459,100,100
23460,100,100
23461,100,100
23462,100,100
23463,100,100
23464,100,100
23465,100,100
23466,100,100
23467,100,100
23468,100,100
23469,100,100
23470,100,100
23471,100,100
23472,100,100
23473,100,100
23474,100,100
23475,100,100
23476,100,100
23477,100,100
23478,100,100
23479,100,100
23480,100,100
23481,100,100
23482,100,100
23483,100,100
23484,100,100
23485,100,100
23486,100,100
23487,100,100
23488,100,100
23489,100,100
23490,100,100
23491,100,100
23492,100,100
23493,100,100
23494,100,100
23495,100,100
23496,100,100
23497,100,100
23498,100,100
23499,100,100
23500,100,100
23501,100,100
23502,100,100
23503,100,100
23504,100,100
23505,100,100
23506,100,100
23507,100,100
23508,100,100
23509,100,100
23510,100,100
23511,100,100
23512,100,100
23513,100,100
23514,100,100
23515,100,100
23516,100,100
23517,100,100
23518,100,100
23519,100,100
23520,100,100
23521,100,100
23522,100,100
23523,100,100
23524,100,100
23525,100,100
23526,100,100
23527,100,100
23528,100,100
23529,100,100
23530,100,100
23531,100,100
23532,100,100
23533,100,100
23534,100,100
23535,100,100
23536,100,100
23537,100,100
23538,100,100
23539,100,100
23540,100,100
23541,100,100
23542,100,100
23543,100,100
23544,100,100
23545,100,100
23546,100,100
23547,100,100
23548,100,100
23549,100,100
23550,100,100
23551,100,100
23552,100,100
23553,100,100
23554,100,100
23555,100,100
23556,100,100
23557,100,100
23558,100,100
23559,100,100
23560,100,100
23561,100,100
23562,100,100
23563,100,100
23564,100,100
23565,100,100
23566,100,100
23567,100,100
23568,100,100
23569,100,100
23570,100,100
23571,100,100
23572,100,100
23573,100,100
23574,100,100
23575,100,100
23576,100,100
23577,100,100
23578,100,100
23579,100,100
23580,100,100
23581,100,100
23582,100,100
23583,100,100
23584,100,100
23585,100,100
23586,100,100
23587,100,100
23588,100,100
23589,100,100
23590,100,100
23591,100,100
23592,100,100
23593,100,100
23594,100,100
23595,100,100
23596,100,100
23597,100,100
23598,100,100
23599,100,100
23600,100,100
23601,100,100
23602,100,100
23603,100,100
23604,100,100
23605,100,100
23606,100,100
23607,100,100
23608,100,100
23609,100,100
23610,100,100
23611,100,100
23612,100,100
23613,100,100
23614,100,100
23615,100,100
23616,100,100
23617,100,100
23618,100,100
23619,100,100
23620,100,100
23621,100,100
23622,100,100
23623,100,100
23624,100,100
23625,100,100
23626,100,100
23627,100,100
23628,100,100
23629,100,100
23630,100,100
23631,100,100
23632,100,100
23633,100,100
23634,100,100
23635,100,100
23636,100,100
23637,100,100
23638,100,100
23639,100,100
23640,100,100
23641,100,100
23642,100,100
23643,100,100
23644,100,100
23645,100,100
23646,100,100
23647,100,100
23648,100,100
23649,100,100
23650,100,100
23651,100,100
23652,100,100
23653,100,100
23654,100,100
23655,100,100
23656,100,100
23657,100,100
23658,100,100
23659,100,100
23660,100,100
23661,100,100
23662,100,100
23663,100,100
23664,100,100
23665,100,100
23666,100,100
23667,100,100
23668,100,100
23669,100,100
23670,100,100
23671,100,100
23672,100,100
23673,100,100
23674,100,100
23675,100,100
23676,100,100
23677,100,100
23678,100,100
23679,100,100
23680,100,100
23681,100,100
23682,100,100
23683,100,100
23684,100,100
23685,100,100
23686,100,100
23687,100,100
23688,100,100
23689,100,100
23690,100,100
23691,100,100
23692,100,100
23693,100,100
23694,100,100
23695,100,100
23696,100,100
23697,100,100
23698,100,100
23699,100,100
23700,100,100
23701,100,100
23702,100,100
23703,100,100
23704,100,100
23705,100,100
23706,100,100
23707,100,100
23708,100,100
23709,100,100
23710,100,100
23711,100,100
23712,100,100
23713,100,100
23714,100,100
23715,100,100
23716,100,100
23717,100,100
23718,100,100
23719,100,100
23720,100,100
23721,100,100
23722,100,100
23723,100,100
23724,100,100
23725,100,100
23726,100,100
23727,100,100
23728,100,100
23729,100,100
23730,100,100
23731,100,100
23732,100,100
23733,100,100
23734,100,100
23735,100,100
23736,100,100
23737,100,100
23738,100,100
23739,100,100
23740,100,100
23741,100,100
23742,100,100
23743,100,100
23744,100,100
23745,100,100
23746,100,100
23747,100,100
23748,100,100
23749,100,100
23750,100,100
23751,100,100
23752,100,100
23753,100,100
23754,100,100
23755,100,100
23756,100,100
23757,100,100
23758,100,100
23759,100,100
23760,100,100
23761,100,100
23762,100,100
23763,100,100
23764,100,100
23765,100,100
23766,100,100
23767,100,100
23768,100,100
23769,100,100
23770,100,100
23771,100,100
23772,100,100
23773,100,100
23774,100,100
23775,100,100
23776,100,100
23777,100,100
23778,100,100
23779,100,100
23780,100,100
23781,100,100
23782,100,100
23783,100,100
23784,100,100
23785,100,100
23786,100,100
23787,100,100
23788,100,100
23789,100,100
23790,100,100
23791,100,100
23792,100,100
23793,100,100
23794,100,100
23795,100,100
23796,100,100
23797,100,100
23798,100,100
23799,100,100
23800,99,101
23801,99,101
23802,99,101
23803,99,101
23804,99,101
23805,99,101
23806,99,101
23807,99,101
23808,99,101
23809,99,101
23810,99,101
23811,99,101
23812,99,101
23813,99,101
23814,99,101
23815,99,101
23816,99,101
23817,99,101
23818,99,101
23819,99,101
23820,99,101
23821,99,101
23822,99,101
23823,99,101
23824,99,101
23825,99,101
23826,99,101
23827,99,101
23828,99,101
23829,99,101
23830,99,101
23831,99,101
23832,99,101
23833,99,101
23834,99,101
23835,99,101
23836,99,101
23837,99,101
23838,99,101
23839,99,101
23840,99,101
23841,99,101
23842,99,101
23843,99,101
23844,99,101
23845,99,101
23846,99,101
23847,99,101
23848,99,101
23849,99,101
23850,99,101
23851,99,101
23852,99,101
23853,99,101
23854,99,101
23855,99,101
23856,99,101
23857,99,101
23858,99,101
23859,99,101
23860,99,101
23861,99,101
23862,99,101
23863,99,101
23864,99,101
23865,99,101
23866,99,101
23867,99,101
23868,99,101
23869,99,101
23870,99,101
23871,99,101
23872,99,101
23873,99,101
23874,99,101
23875,99,101
23876,99,101
23877,99,101
23878,99,101
23879,99,101
23880,99,101
23881,99,101
23882,99,101
23883,99,101
23884,99,101
23885,99,101
23886,99,101
23887,99,101
23888,99,101
23889,99,101
23890,99,101
23891,99,101
23892,99,101
23893,99,101
23894,99,101
23895,99,101
23896,99,101
23897,99,101
23898,99,101
23899,99,101
23900,99,101
23901,99,101
23902,99,101
23903,99,101
23904,99,101
23905,99,101
23906,99,101
23907,99,101
23908,99,101
23909,99,101
23910,99,101
23911,99,101
23912,99,101
23913,99,101
23914,99,101
23915,99,101
23916,99,101
23917,99,101
23918,99,101
23919,99,101
23920,99,101
23921,99,101
23922,99,101
23923,99,101
23924,99,101
23925,99,101
23926,99,101
23927,99,101
23928,99,101
23929,99,101
23930,99,101
23931,99,101
23932,99,101
23933,99,101
23934,99,101
23935,99,101
23936,99,101
23937,99,101
23938,99,101
23939,99,101
23940,99,101
23941,99,101
23942,99,101
23943,99,101
23944,99,101
23945,99,101
23946,99,101
23947,99,101
23948,99,101
23949,99,101
23950,99,101
23951,99,101
23952,99,101
23953,99,101
23954,99,101
23955,99,101
23956,99,101
23957,99,101
23958,99,101
23959,99,101
23960,99,101
23961,99,101
23962,99,101
23963,99,101
23964,99,101
23965,99,101
23966,99,101
23967,99,101
23968,99,101
23969,99,101
23970,99,101
23971,99,101
23972,99,101
23973,99,101
23974,99,101
23975,99,101
23976,99,101
23977,99,101
23978,99,101
23979,99,101
23980,99,101
23981,99,101
23982,99,101
23983,99,101
23984,99,101
23985,99,101
23986,99,101
23987,99,101
23988,99,101
23989,99,101
23990,99,101
23991,99,101
23992,99,101
23993,99,101
23994,99,101
23995,99,101
23996,99,101
23997,99,101
23998,99,101
23999,99,101
24000,99,101
24001,99,101
24002,99,101
24003,99,101
24004,99,101
24005,99,101
24006,99,101
24007,99,101
24008,99,101
24009,99,101
24010,99,101
24011,99,101
24012,99,101
24013,99,101
24014,99,101
24015,99,101
24016,99,101
24017,99,101
24018,99,101
24019,99,101
24020,99,101
24021,99,101
24022,99,101
24023,99,101
24024,99,101
24025,99,101
24026,99,101
24027,99,101
24028,99,101
24029,99,101
24030,99,101
24031,99,101
24032,99,101
24033,99,101
24034,99,101
24035,99,101
24036,99,101
24037,99,101
24038,99,101
24039,99,101
24040,99,101
24041,99,101
24042,99,101
24043,99,101
24044,99,101
24045,99,101
24046,99,101
24047,99,101
24048,99,101
24049,99,101
24050,99,101
24051,99,101
24052,99,101
24053,99,101
24054,99,101
24055,99,101
24056,99,101
24057,99,101
24058,99,101
24059,99,101
24060,99,101
24061,99,101
24062,99,101
24063,99,101
24064,99,101
24065,99,101
24066,99,101
24067,99,101
24068,99,101
24069,99,101
24070,99,101
24071,99,101
24072,99,101
24073,99,101
24074,99,101
24075,99,101
24076,99,101
24077,99,101
24078,99,101
24079,99,101
24080,99,101
24081,99,101
24082,99,101
24083,99,101
24084,99,101
24085,99,101
24086,99,101
24087,99,101
24088,99,101
24089,99,101
24090,99,101
24091,99,101
24092,99,101
24093,99,101
24094,99,101
24095,99,101
24096,99,101
24097,99,101
24098,99,101
24099,99,101
24100,99,101
24101,99,101
24102,99,101
24103,99,101
24104,99,101
24105,99,101
24106,99,101
24107,99,101
24108,99,101
24109,99,101
24110,99,101
24111,99,101
24112,99,101
24113,99,101
24114,99,101
24115,99,101
24116,99,101
24117,99,101
24118,99,101
24119,99,101
24120,99,101
24121,99,101
24122,99,101
24123,99,101
24124,99,101
24125,99,101
24126,99,101
24127,99,101
24128,99,101
24129,99,101
24130,99,101
24131,99,101
24132,99,101
24133,99,101
24134,99,101
24135,99,101
24136,99,101
24137,99,101
24138,99,101
24139,99,101
24140,99,101
24141,99,101
24142,99,101
24143,99,101
24144,99,101
24145,99,101
24146,99,101
24147,99,101
24148,99,101
24149,99,101
24150,99,101
24151,99,101
24152,99,101
24153,99,101
24154,99,101
24155,99,101
24156,99,101
24157,99,101
24158,99,101
24159,99,101
24160,99,101
24161,99,101
24162,99,101
24163,99,101
24164,99,101
24165,99,101
24166,99,101
24167,99,101
24168,99,101
24169,99,101
24170,99,101
24171,99,101
24172,99,101
24173,99,101
24174,99,101
24175,99,101
24176,99,101
24177,99,101
24178,99,101
24179,99,101
24180,99,101
24181,99,101
24182,99,101
24183,99,101
24184,99,101
24185,99,101
24186,99,101
24187,99,101
24188,99,101
24189,99,101
24190,99,101
24191,99,101
24192,99,101
24193,99,101
24194,99,101
24195,99,101
24196,99,101
24197,99,101
24198,99,101
24199,99,101
24200,99,101
24201,99,101
24202,99,101
24203,99,101
24204,99,101
24205,99,101
24206,99,101
24207,99,101
24208,99,101
24209,99,101
24210,99,101
24211,99,101
24212,99,101
24213,99,101
24214,99,101
24215,99,101
24216,99,101
24217,99,101
24218,99,101
24219,99,101
24220,99,101
24221,99,101
24222,99,101
24223,99,101
24224,99,101
24225,99,101
24226,99,101
24227,99,101
24228,99,101
24229,99,101
24230,99,101
24231,99,101
24232,99,101
24233,99,101
24234,99,101
24235,99,101
24236,99,101
24237,99,101
24238,99,101
24239,99,101
24240,99,101
24241,99,101
24242,99,101
24243,99,101
24244,99,101
24245,99,101
24246,99,101
24247,99,101
24248,99,101
24249,99,101
24250,99,101
24251,99,101
24252,99,101
24253,99,101
24254,99,101
24255,99,101
24256,99,101
24257,99,101
24258,99,101
24259,99,101
24260,99,101
24261,99,101
24262,99,101
24263,99,101
24264,99,101
24265,99,101
24266,99,101
24267,99,101
24268,99,101
24269,99,101
24270,99,101
24271,99,101
24272,99,101
24273,99,101
24274,99,101
24275,99,101
24276,99,101
24277,99,101
24278,99,101
24279,99,101
24280,99,101
24281,99,101
24282,99,101
24283,99,101
24284,99,101
24285,99,101
24286,99,101
24287,99,101
24288,99,101
24289,99,101
24290,99,101
24291,99,101
24292,99,101
24293,99,101
24294,99,101
24295,99,101
24296,99,101
24297,99,101
24298,99,101
24299,99,101
24300,99,101
24301,99,101
24302,99,101
24303,99,101
24304,99,101
24305,99,101
24306,99,101
24307,99,101
24308,99,101
24309,99,101
24310,99,101
24311,99,101
24312,99,101
24313,99,101
24314,99,101
24315,99,101
24316,99,101
24317,99,101
24318,99,101
24319,99,101
24320,99,101
24321,99,101
24322,99,101
24323,99,101
24324,99,101
24325,99,101
24326,99,101
24327,99,101
24328,99,101
24329,99,101
24330,99,101
24331,99,101
24332,99,101
24333,99,101
24334,99,101
24335,99,101
24336,99,101
24337,99,101
24338,99,101
24339,99,101
24340,99,101
24341,99,101
24342,99,101
24343,99,101
24344,99,101
24345,99,101
24346,99,101
24347,99,101
24348,99,101
24349,99,101
24350,99,101
24351,99,101
24352,99,101
24353,99,101
24354,99,101
24355,99,101
24356,99,101
24357,99,101
24358,99,101
24359,99,101
24360,99,101
24361,99,101
24362,99,101
24363,99,101
24364,99,101
24365,99,101
24366,99,101
24367,99,101
24368,99,101
24369,99,101
24370,99,101
24371,99,101
24372,99,101
24373,99,101
24374,99,101
24375,99,101
24376,99,101
24377,99,101
24378,99,101
24379,99,101
24380,99,101
24381,99,101
24382,99,101
24383,99,101
24384,99,101
24385,99,101
24386,99,101
24387,99,101
24388,99,101
24389,99,101
24390,99,101
24391,99,101
24392,99,101
24393,99,101
24394,99,101
24395,99,101
24396,99,101
24397,99,101
24398,99,101
24399,99,101
24400,100,100
24401,100,100
24402,100,100
24403,100,100
24404,100,100
24405,100,100
24406,100,100
24407,100,100
24408,100,100
24409,100,100
24410,100,100
24411,100,100
24412,100,100
24413,100,100
24414,100,100
24415,100,100
24416,100,100
24417,100,100
24418,100,100
24419,100,100
24420,100,100
24421,100,100
24422,100,100
24423,100,100
24424,100,100
24425,100,100
24426,100,100
24427,100,100
24428,100,100
24429,100,100
24430,100,100
24431,100,100
24432,100,100
24433,100,100
24434,100,100
24435,100,100
24436,100,100
24437,100,100
24438,100,100
24439,100,100
24440,100,100
24441,100,100
24442,100,100
24443,100,100
24444,100,100
24445,100,100
24446,100,100
24447,100,100
24448,100,100
24449,100,100
24450,100,100
24451,100,100
24452,100,100
24453,100,100
24454,100,100
24455,100,100
24456,100,100
24457,100,100
24458,100,100
24459,100,100
24460,100,100
24461,100,100
24462,100,100
24463,100,100
24464,100,100
24465,100,100
24466,100,100
24467,100,100
24468,100,100
24469,100,100
24470,100,100
24471,100,100
24472,100,100
24473,100,100
24474,100,100
24475,100,100
24476,100,100
24477,100,100
24478,100,100
24479,100,100
24480,100,100
24481,100,100
24482,100,100
24483,100,100
24484,100,100
24485,100,100
24486,100,100
24487,100,100
24488,100,100
24489,100,100
24490,100,100
24491,100,100
24492,100,100
24493,100,100
24494,100,100
24495,100,100
24496,100,100
24497,100,100
24498,100,100
24499,100,100
24500,99,101
24501,99,101
24502,99,101
24503,99,101
24504,99,101
24505,99,101
24506,99,101
24507,99,101
24508,99,101
24509,99,101
24510,99,101
24511,99,101
24512,99,101
24513,99,101
24514,99,101
24515,99,101
24516,99,101
24517,99,101
24518,99,101
24519,99,101
24520,99,101
24521,99,101
24522,99,101
24523,99,101
24524,99,101
24525,99,101
24526,99,101
24527,99,101
24528,99,101
24529,99,101
24530,99,101
24531,99,101
24532,99,101
24533,99,101
24534,99,101
24535,99,101
24536,99,101
24537,99,101
24538,99,101
24539,99,101
24540,99,101
24541,99,101
24542,99,101
24543,99,101
24544,99,101
24545,99,101
24546,99,101
24547,99,101
24548,99,101
24549,99,101
24550,99,101
24551,99,101
24552,99,101
24553,99,101
24554,99,101
24555,99,101
24556,99,101
24557,99,101
24558,99,101
24559,99,101
24560,99,101
24561,99,101
24562,99,101
24563,99,101
24564,99,101
24565,99,101
24566,99,101
24567,99,101
24568,99,101
24569,99,101
24570,99,101
24571,99,101
24572,99,101
24573,99,101
24574,99,101
24575,99,101
24576,99,101
24577,99,101
24578,99,101
24579,99,101
24580,99,101
24581,99,101
24582,99,101
24583,99,101
24584,99,101
24585,99,101
24586,99,101
24587,99,101
24588,99,101
24589,99,101
24590,99,101
24591,99,101
24592,99,101
24593,99,101
24594,99,101
24595,99,101
24596,99,101
24597,99,101
24598,99,101
24599,99,101
24600,99,101
24601,99,101
24602,99,101
24603,99,101
24604,99,101
24605,99,101
24606,99,101
24607,99,101
24608,99,101
24609,99,101
24610,99,101
24611,99,101
24612,99,101
24613,99,101
24614,99,101
24615,99,101
24616,99,101
24617,99,101
24618,99,101
24619,99,101
24620,99,101
24621,99,101
24622,99,101
24623,99,101
24624,99,101
24625,99,101
24626,99,101
24627,99,101
24628,99,101
24629,99,101
24630,99,101
24631,99,101
24632,99,101
24633,99,101
24634,99,101
24635,99,101
24636,99,101
24637,99,101
24638,99,101
24639,99,101
24640,99,101
24641,99,101
24642,99,101
24643,99,101
24644,99,101
24645,99,101
24646,99,101
24647,99,101
24648,99,101
24649,99,101
24650,99,101
24651,99,101
24652,99,101
24653,99,101
24654,99,101
24655,99,101
24656,99,101
24657,99,101
24658,99,101
24659,99,101
24660,99,101
24661,99,101
24662,99,101
24663,99,101
24664,99,101
24665,99,101
24666,99,101
24667,99,101
24668,99,101
24669,99,101
24670,99,101
24671,99,101
24672,99,101
24673,99,101
24674,99,101
24675,99,101
24676,99,101
24677,99,101
24678,99,101
24679,99,101
24680,99,101
24681,99,101
24682,99,101
24683,99,101
24684,99,101
24685,99,101
24686,99,101
24687,99,101
24688,99,101
24689,99,101
24690,99,101
24691,99,101
24692,99,101
24693,99,101
24694,99,101
24695,99,101
24696,99,101
24697,99,101
24698,99,101
24699,99,101
24700,99,101
24701,99,101
24702,99,101
24703,99,101
24704,99,101
24705,99,101
24706,99,101
24707,99,101
24708,99,101
24709,99,101
24710,99,101
24711,99,101
24712,99,101
24713,99,101
24714,99,101
24715,99,101
24716,99,101
24717,99,101
24718,99,101
24719,99,101
24720,99,101
24721,99,101
24722,99,101
24723,99,101
24724,99,101
24725,99,101
24726,99,101
24727,99,101
24728,99,101
24729,99,101
24730,99,101
24731,99,101
24732,99,101
24733,99,101
24734,99,101
24735,99,101
24736,99,101
24737,99,101
24738,99,101
24739,99,101
24740,99,101
24741,99,101
24742,99,101
24743,99,101
24744,99,101
24745,99,101
24746,99,101
24747,99,101
24748,99,101
24749,99,101
24750,99,101
24751,99,101
24752,99,101
24753,99,101
24754,99,101
24755,99,101
24756,99,101
24757,99,101
24758,99,101
24759,99,101
24760,99,101
24761,99,101
24762,99,101
24763,99,101
24764,99,101
24765,99,101
24766,99,101
24767,99,101
24768,99,101
24769,99,101
24770,99,101
24771,99,101
24772,99,101
24773,99,101
24774,99,101
24775,99,101
24776,99,101
24777,99,101
24778,99,101
24779,99,101
24780,99,101
24781,99,101
24782,99,101
24783,99,101
24784,99,101
24785,99,101
24786,99,101
24787,99,101
24788,99,101
24789,99,101
24790,99,101
24791,99,101
24792,99,101
24793,99,101
24794,99,101
24795,99,101
24796,99,101
24797,99,101
24798,99,101
24799,99,101
24800,99,101
24801,99,101
24802,99,101
24803,99,101
24804,99,101
24805,99,101
24806,99,101
24807,99,101
24808,99,101
24809,99,101
24810,99,101
24811,99,101
24812,99,101
24813,99,101
24814,99,101
24815,99,101
24816,99,101
24817,99,101
24818,99,101
24819,99,101
24820,99,101
24821,99,101
24822,99,101
24823,99,101
24824,99,101
24825,99,101
24826,99,101
24827,99,101
24828,99,101
24829,99,101
24830,99,101
24831,99,101
24832,99,101
24833,99,101
24834,99,101
24835,99,101
24836,99,101
24837,99,101
24838,99,101
24839,99,101
24840,99,101
24841,99,101
24842,99,101
24843,99,101
24844,99,101
24845,99,101
24846,99,101
24847,99,101
24848,99,101
24849,99,101
24850,99,101
24851,99,101
24852,99,101
24853,99,101
24854,99,101
24855,99,101
24856,99,101
24857,99,101
24858,99,101
24859,99,101
24860,99,101
24861,99,101
24862,99,101
24863,99,101
24864,99,101
24865,99,101
24866,99,101
24867,99,101
24868,99,101
24869,99,101
24870,99,101
24871,99,101
24872,99,101
24873,99,101
24874,99,101
24875,99,101
24876,99,101
24877,99,101
24878,99,101
24879,99,101
24880,99,101
24881,99,101
24882,99,101
24883,99,101
24884,99,101
24885,99,101
24886,99,101
24887,99,101
24888,99,101
24889,99,101
24890,99,101
24891,99,101
24892,99,101
24893,99,101
24894,99,101
24895,99,101
24896,99,101
24897,99,101
24898,99,101
24899,99,101
24900,99,101
24901,99,101
24902,99,101
24903,99,101
24904,99,101
24905,99,101
24906,99,101
24907,99,101
24908,99,101
24909,99,101
24910,99,101
24911,99,101
24912,99,101
24913,99,101
24914,99,101
24915,99,101
24916,99,101
24917,99,101
24918,99,101
24919,99,101
24920,99,101
24921,99,101
24922,99,101
24923,99,101
24924,99,101
24925,99,101
24926,99,101
24927,99,101
24928,99,101
24929,99,101
24930,99,101
24931,99,101
24932,99,101
24933,99,101
24934,99,101
24935,99,101
24936,99,101
24937,99,101
24938,99,101
24939,99,101
24940,99,101
24941,99,101
24942,99,101
24943,99,101
24944,99,101
24945,99,101
24946,99,101
24947,99,101
24948,99,101
24949,99,101
24950,99,101
24951,99,101
24952,99,101
24953,99,101
24954,99,101
24955,99,101
24956,99,101
24957,99,101
24958,99,101
24959,99,101
24960,99,101
24961,99,101
24962,99,101
24963,99,101
24964,99,101
24965,99,101
24966,99,101
24967,99,101
24968,99,101
24969,99,101
24970,99,101
24971,99,101
24972,99,101
24973,99,101
24974,99,101
24975,99,101
24976,99,101
24977,99,101
24978,99,101
24979,99,101
24980,99,101
24981,99,101
24982,99,101
24983,99,101
24984,99,101
24985,99,101
24986,99,101
24987,99,101
24988,99,101
24989,99,101
24990,99,101
24991,99,101
24992,99,101
24993,99,101
24994,99,101
24995,99,101
24996,99,101
24997,99,101
24998,99,101
24999,99,101
25000,99,101
25001,99,101
25002,99,101
25003,99,101
25004,99,101
25005,99,101
25006,99,101
25007,99,101
25008,99,101
25009,99,101
25010,99,101
25011,99,101
25012,99,101
25013,99,101
25014,99,101
25015,99,101
25016,99,101
25017,99,101
25018,99,101
25019,99,101
25020,99,101
25021,99,101
25022,99,101
25023,99,101
25024,99,101
25025,99,101
25026,99,101
25027,99,101
25028,99,101
25029,99,101
25030,99,101
25031,99,101
25032,99,101
25033,99,101
25034,99,101
25035,99,101
25036,99,101
25037,99,101
25038,99,101
25039,99,101
25040,99,101
25041,99,101
25042,99,101
25043,99,101
25044,99,101
25045,99,101
25046,99,101
25047,99,101
25048,99,101
25049,99,101
25050,99,101
25051,99,101
25052,99,101
25053,99,101
25054,99,101
25055,99,101
25056,99,101
25057,99,101
25058,99,101
25059,99,101
25060,99,101
25061,99,101
25062,99,101
25063,99,101
25064,99,101
25065,99,101
25066,99,101
25067,99,101
25068,99,101
25069,99,101
25070,99,101
25071,99,101
25072,99,101
25073,99,101
25074,99,101
25075,99,101
25076,99,101
25077,99,101
25078,99,101
25079,99,101
25080,99,101
25081,99,101
25082,99,101
25083,99,101
25084,99,101
25085,99,101
25086,99,101
25087,99,101
25088,99,101
25089,99,101
25090,99,101
25091,99,101
25092,99,101
25093,99,101
25094,99,101
25095,99,101
25096,99,101
25097,99,101
25098,99,101
25099,99,101
25100,99,101
25101,99,101
25102,99,101
25103,99,101
25104,99,101
25105,99,101
25106,99,101
25107,99,101
25108,99,101
25109,99,101
25110,99,101
25111,99,101
25112,99,101
25113,99,101
25114,99,101
25115,99,101
25116,99,101
25117,99,101
25118,99,101
25119,99,101
25120,99,101
25121,99,101
25122,99,101
25123,99,101
25124,99,101
25125,99,101
25126,99,101
25127,99,101
25128,99,101
25129,99,101
25130,99,101
25131,99,101
25132,99,101
25133,99,101
25134,99,101
25135,99,101
25136,99,101
25137,99,101
25138,99,101
25139,99,101
25140,99,101
25141,99,101
25142,99,101
25143,99,101
25144,99,101
25145,99,101
25146,99,101
25147,99,101
25148,99,101
25149,99,101
25150,99,101
25151,99,101
25152,99,101
25153,99,101
25154,99,101
25155,99,101
25156,99,101
25157,99,101
25158,99,101
25159,99,101
25160,99,101
25161,99,101
25162,99,101
25163,99,101
25164,99,101
25165,99,101
25166,99,101
25167,99,101
25168,99,101
25169,99,101
25170,99,101
25171,99,101
25172,99,101
25173,99,101
25174,99,101
25175,99,101
25176,99,101
25177,99,101
25178,99,101
25179,99,101
25180,99,101
25181,99,101
25182,99,101
25183,99,101
25184,99,101
25185,99,101
25186,99,101
25187,99,101
25188,99,101
25189,99,101
25190,99,101
25191,99,101
25192,99,101
25193,99,101
25194,99,101
25195,99,101
25196,99,101
25197,99,101
25198,99,101
25199,99,101
25200,99,101
25201,99,101
25202,99,101
25203,99,101
25204,99,101
25205,99,101
25206,99,101
25207,99,101
25208,99,101
25209,99,101
25210,99,101
25211,99,101
25212,99,101
25213,99,101
25214,99,101
25215,99,101
25216,99,101
25217,99,101
25218,99,101
25219,99,101
25220,99,101
25221,99,101
25222,99,101
25223,99,101
25224,99,101
25225,99,101
25226,99,101
25227,99,101
25228,99,101
25229,99,101
25230,99,101
25231,99,101
25232,99,101
25233,99,101
25234,99,101
25235,99,101
25236,99,101
25237,99,101
25238,99,101
25239,99,101
25240,99,101
25241,99,101
25242,99,101
25243,99,101
25244,99,101
25245,99,101
25246,99,101
25247,99,101
25248,99,101
25249,99,101
25250,99,101
25251,99,101
25252,99,101
25253,99,101
25254,99,101
25255,99,101
25256,99,101
25257,99,101
25258,99,101
25259,99,101
25260,99,101
25261,99,101
25262,99,101
25263,99,101
25264,99,101
25265,99,101
25266,99,101
25267,99,101
25268,99,101
25269,99,101
25270,99,101
25271,99,101
25272,99,101
25273,99,101
25274,99,101
25275,99,101
25276,99,101
25277,99,101
25278,99,101
25279,99,101
25280,99,101
25281,99,101
25282,99,101
25283,99,101
25284,99,101
25285,99,101
25286,99,101
25287,99,101
25288,99,101
25289,99,101
25290,99,101
25291,99,101
25292,99,101
25293,99,101
25294,99,101
25295,99,101
25296,99,101
25297,99,101
25298,99,101
25299,99,101
25300,99,101
25301,99,101
25302,99,101
25303,99,101
25304,99,101
25305,99,101
25306,99,101
25307,99,101
25308,99,101
25309,99,101
25310,99,101
25311,99,101
25312,99,101
25313,99,101
25314,99,101
25315,99,101
25316,99,101
25317,99,101
25318,99,101
25319,99,101
25320,99,101
25321,99,101
25322,99,101
25323,99,101
25324,99,101
25325,99,101
25326,99,101
25327,99,101
25328,99,101
25329,99,101
25330,99,101
25331,99,101
25332,99,101
25333,99,101
25334,99,101
25335,99,101
25336,99,101
25337,99,101
25338,99,101
25339,99,101
25340,99,101
25341,99,101
25342,99,101
25343,99,101
25344,99,101
25345,99,101
25346,99,101
25347,99,101
25348,99,101
25349,99,101
25350,99,101
25351,99,101
25352,99,101
25353,99,101
25354,99,101
25355,99,101
25356,99,101
25357,99,101
25358,99,101
25359,99,101
25360,99,101
25361,99,101
25362,99,101
25363,99,101
25364,99,101
25365,99,101
25366,99,101
25367,99,101
25368,99,101
25369,99,101
25370,99,101
25371,99,101
25372,99,101
25373,99,101
25374,99,101
25375,99,101
25376,99,101
25377,99,101
25378,99,101
25379,99,101
25380,99,101
25381,99,101
25382,99,101
25383,99,101
25384,99,101
25385,99,101
25386,99,101
25387,99,101
25388,99,101
25389,99,101
25390,99,101
25391,99,101
25392,99,101
25393,99,101
25394,99,101
25395,99,101
25396,99,101
25397,99,101
25398,99,101
25399,99,101
25400,99,101
25401,99,101
25402,99,101
25403,99,101
25404,99,101
25405,99,101
25406,99,101
25407,99,101
25408,99,101
25409,99,101
25410,99,101
25411,99,101
25412,99,101
25413,99,101
25414,99,101
25415,99,101
25416,99,101
25417,99,101
25418,99,101
25419,99,101
25420,99,101
25421,99,101
25422,99,101
25423,99,101
25424,99,101
25425,99,101
25426,99,101
25427,99,101
25428,99,101
25429,99,101
25430,99,101
25431,99,101
25432,99,101
25433,99,101
25434,99,101
25435,99,101
25436,99,101
25437,99,101
25438,99,101
25439,99,101
25440,99,101
25441,99,101
25442,99,101
25443,99,101
25444,99,101
25445,99,101
25446,99,101
25447,99,101
25448,99,101
25449,99,101
25450,99,101
25451,99,101
25452,99,101
25453,99,101
25454,99,101
25455,99,101
25456,99,101
25457,99,101
25458,99,101
25459,99,101
25460,99,101
25461,99,101
25462,99,101
25463,99,101
25464,99,101
25465,99,101
25466,99,101
25467,99,101
25468,99,101
25469,99,101
25470,99,101
25471,99,101
25472,99,101
25473,99,101
25474,99,101
25475,99,101
25476,99,101
25477,99,101
25478,99,101
25479,99,101
25480,99,101
25481,99,101
25482,99,101
25483,99,101
25484,99,101
25485,99,101
25486,99,101
25487,99,101
25488,99,101
25489,99,101
25490,99,101
25491,99,101
25492,99,101
25493,99,101
25494,99,101
25495,99,101
25496,99,101
25497,99,101
25498,99,101
25499,99,101
25500,99,101
25501,99,101
25502,99,101
25503,99,101
25504,99,101
25505,99,101
25506,99,101
25507,99,101
25508,99,101
25509,99,101
25510,99,101
25511,99,101
25512,99,101
25513,99,101
25514,99,101
25515,99,101
25516,99,101
25517,99,101
25518,99,101
25519,99,101
25520,99,101
25521,99,101
25522,99,101
25523,99,101
25524,99,101
25525,99,101
25526,99,101
25527,99,101
25528,99,101
25529,99,101
25530,99,101
25531,99,101
25532,99,101
25533,99,101
25534,99,101
25535,99,101
25536,99,101
25537,99,101
25538,99,101
25539,99,101
25540,99,101
25541,99,101
25542,99,101
25543,99,101
25544,99,101
25545,99,101
25546,99,101
25547,99,101
25548,99,101
25549,99,101
25550,99,101
25551,99,101
25552,99,101
25553,99,101
25554,99,101
25555,99,101
25556,99,101
25557,99,101
25558,99,101
25559,99,101
25560,99,101
25561,99,101
25562,99,101
25563,99,101
25564,99,101
25565,99,101
25566,99,101
25567,99,101
25568,99,101
25569,99,101
25570,99,101
25571,99,101
25572,99,101
25573,99,101
25574,99,101
25575,99,101
25576,99,101
25577,99,101
25578,99,101
25579,99,101
25580,99,101
25581,99,101
25582,99,101
25583,99,101
25584,99,101
25585,99,101
25586,99,101
25587,99,101
25588,99,101
25589,99,101
25590,99,101
25591,99,101
25592,99,101
25593,99,101
25594,99,101
25595,99,101
25596,99,101
25597,99,101
25598,99,101
25599,99,101
25600,99,101
25601,99,101
25602,99,101
25603,99,101
25604,99,101
25605,99,101
25606,99,101
25607,99,101
25608,99,101
25609,99,101
25610,99,101
25611,99,101
25612,99,101
25613,99,101
25614,99,101
25615,99,101
25616,99,101
25617,99,101
25618,99,101
25619,99,101
25620,99,101
25621,99,101
25622,99,101
25623,99,101
25624,99,101
25625,99,101
25626,99,101
25627,99,101
25628,99,101
25629,99,101
25630,99,101
25631,99,101
25632,99,101
25633,99,101
25634,99,101
25635,99,101
25636,99,101
25637,99,101
25638,99,101
25639,99,101
25640,99,101
25641,99,101
25642,99,101
25643,99,101
25644,99,101
25645,99,101
25646,99,101
25647,99,101
25648,99,101
25649,99,101
25650,99,101
25651,99,101
25652,99,101
25653,99,101
25654,99,101
25655,99,101
25656,99,101
25657,99,101
25658,99,101
25659,99,101
25660,99,101
25661,99,101
25662,99,101
25663,99,101
25664,99,101
25665,99,101
25666,99,101
25667,99,101
25668,99,101
25669,99,101
25670,99,101
25671,99,101
25672,99,101
25673,99,101
25674,99,101
25675,99,101
25676,99,101
25677,99,101
25678,99,101
25679,99,101
25680,99,101
25681,99,101
25682,99,101
25683,99,101
25684,99,101
25685,99,101
25686,99,101
25687,99,101
25688,99,101
25689,99,101
25690,99,101
25691,99,101
25692,99,101
25693,99,101
25694,99,101
25695,99,101
25696,99,101
25697,99,101
25698,99,101
25699,99,101
25700,99,101
25701,99,101
25702,99,101
25703,99,101
25704,99,101
25705,99,101
25706,99,101
25707,99,101
25708,99,101
25709,99,101
25710,99,101
25711,99,101
25712,99,101
25713,99,101
25714,99,101
25715,99,101
25716,99,101
25717,99,101
25718,99,101
25719,99,101
25720,99,101
25721,99,101
25722,99,101
25723,99,101
25724,99,101
25725,99,101
25726,99,101
25727,99,101
25728,99,101
25729,99,101
25730,99,101
25731,99,101
25732,99,101
25733,99,101
25734,99,101
25735,99,101
25736,99,101
25737,99,101
25738,99,101
25739,99,101
25740,99,101
25741,99,101
25742,99,101
25743,99,101
25744,99,101
25745,99,101
25746,99,101
25747,99,101
25748,99,101
25749,99,101
25750,99,101
25751,99,101
25752,99,101
25753,99,101
25754,99,101
25755,99,101
25756,99,101
25757,99,101
25758,99,101
25759,99,101
25760,99,101
25761,99,101
25762,99,101
25763,99,101
25764,99,101
25765,99,101
25766,99,101
25767,99,101
25768,99,101
25769,99,101
25770,99,101
25771,99,101
25772,99,101
25773,99,101
25774,99,101
25775,99,101
25776,99,101
25777,99,101
25778,99,101
25779,99,101
25780,99,101
25781,99,101
25782,99,101
25783,99,101
25784,99,101
25785,99,101
25786,99,101
25787,99,101
25788,99,101
25789,99,101
25790,99,101
25791,99,101
25792,99,101
25793,99,101
25794,99,101
25795,99,101
25796,99,101
25797,99,101
25798,99,101
25799,99,101
25800,99,101
25801,99,101
25802,99,101
25803,99,101
25804,99,101
25805,99,101
25806,99,101
25807,99,101
25808,99,101
25809,99,101
25810,99,101
25811,99,101
25812,99,101
25813,99,101
25814,99,101
25815,99,101
25816,99,101
25817,99,101
25818,99,101
25819,99,101
25820,99,101
25821,99,101
25822,99,101
25823,99,101
25824,99,101
25825,99,101
25826,99,101
25827,99,101
25828,99,101
25829,99,101
25830,99,101
25831,99,101
25832,99,101
25833,99,101
25834,99,101
25835,99,101
25836,99,101
25837,99,101
25838,99,101
25839,99,101
25840,99,101
25841,99,101
25842,99,101
25843,99,101
25844,99,101
25845,99,101
25846,99,101
25847,99,101
25848,99,101
25849,99,101
25850,99,101
25851,99,101
25852,99,101
25853,99,101
25854,99,101
25855,99,101
25856,99,101
25857,99,101
25858,99,101
25859,99,101
25860,99,101
25861,99,101
25862,99,101
25863,99,101
25864,99,101
25865,99,101
25866,99,101
25867,99,101
25868,99,101
25869,99,101
25870,99,101
25871,99,101
25872,99,101
25873,99,101
25874,99,101
25875,99,101
25876,99,101
25877,99,101
25878,99,101
25879,99,101
25880,99,101
25881,99,101
25882,99,101
25883,99,101
25884,99,101
25885,99,101
25886,99,101
25887,99,101
25888,99,101
25889,99,101
25890,99,101
25891,99,101
25892,99,101
25893,99,101
25894,99,101
25895,99,101
25896,99,101
25897,99,101
25898,99,101
25899,99,101
25900,100,100
25901,100,100
25902,100,100
25903,100,100
25904,100,100
25905,100,100
25906,100,100
25907,100,100
25908,100,100
25909,100,100
25910,100,100
25911,100,100
25912,100,100
25913,100,100
25914,100,100
25915,100,100
25916,100,100
25917,100,100
25918,100,100
25919,100,100
25920,100,100
25921,100,100
25922,100,100
25923,100,100
25924,100,100
25925,100,100
25926,100,100
25927,100,100
25928,100,100
25929,100,100
25930,100,100
25931,100,100
25932,100,100
25933,100,100
25934,100,100
25935,100,100
25936,100,100
25937,100,100
25938,100,100
25939,100,100
25940,100,100
25941,100,100
25942,100,100
25943,100,100
25944,100,100
25945,100,100
25946,100,100
25947,100,100
25948,100,100
25949,100,100
25950,100,100
25951,100,100
25952,100,100
25953,100,100
25954,100,100
25955,100,100
25956,100,100
25957,100,100
25958,100,100
25959,100,100
25960,100,100
25961,100,100
25962,100,100
25963,100,100
25964,100,100
25965,100,100
25966,100,100
25967,100,100
25968,100,100
25969,100,100
25970,100,100
25971,100,100
25972,100,100
25973,100,100
25974,100,100
25975,100,100
25976,100,100
25977,100,100
25978,100,100
25979,100,100
25980,100,100
25981,100,100
25982,100,100
25983,100,100
25984,100,100
25985,100,100
25986,100,100
25987,100,100
25988,100,100
25989,100,100
25990,100,100
25991,100,100
25992,100,100
25993,100,100
25994,100,100
25995,100,100
25996,100,100
25997,100,100
25998,100,100
25999,100,100
26000,100,100
26001,100,100
26002,100,100
26003,100,100
26004,100,100
26005,100,100
26006,100,100
26007,100,100
26008,100,100
26009,100,100
26010,100,100
26011,100,100
26012,100,100
26013,100,100
26014,100,100
26015,100,100
26016,100,100
26017,100,100
26018,100,100
26019,100,100
26020,100,100
26021,100,100
26022,100,100
26023,100,100
26024,100,100
26025,100,100
26026,100,100
26027,100,100
26028,100,100
26029,100,100
26030,100,100
26031,100,100
26032,100,100
26033,100,100
26034,100,100
26035,100,100
26036,100,100
26037,100,100
26038,100,100
26039,100,100
26040,100,100
26041,100,100
26042,100,100
26043,100,100
26044,100,100
26045,100,100
26046,100,100
26047,100,100
26048,100,100
26049,100,100
26050,100,100
26051,100,100
26052,100,100
26053,100,100
26054,100,100
26055,100,100
26056,100,100
26057,100,100
26058,100,100
26059,100,100
26060,100,100
26061,100,100
26062,100,100
26063,100,100
26064,100,100
26065,100,100
26066,100,100
26067,100,100
26068,100,100
26069,100,100
26070,100,100
26071,100,100
26072,100,100
26073,100,100
26074,100,100
26075,100,100
26076,100,100
26077,100,100
26078,100,100
26079,100,100
26080,100,100
26081,100,100
26082,100,100
26083,100,100
26084,100,100
26085,100,100
26086,100,100
26087,100,100
26088,100,100
26089,100,100
26090,100,100
26091,100,100
26092,100,100
26093,100,100
26094,100,100
26095,100,100
26096,100,100
26097,100,100
26098,100,100
26099,100,100
26100,100,100
26101,100,100
26102,100,100
26103,100,100
26104,100,100
26105,100,100
26106,100,100
26107,100,100
26108,100,100
26109,100,100
26110,100,100
26111,100,100
26112,100,100
26113,100,100
26114,100,100
26115,100,100
26116,100,100
26117,100,100
26118,100,100
26119,100,100
26120,100,100
26121,100,100
26122,100,100
26123,100,100
26124,100,100
26125,100,100
26126,100,100
26127,100,100
26128,100,100
26129,100,100
26130,100,100
26131,100,100
26132,100,100
26133,100,100
26134,100,100
26135,100,100
26136,100,100
26137,100,100
26138,100,100
26139,100,100
26140,100,100
26141,100,100
26142,100,100
26143,100,100
26144,100,100
26145,100,100
26146,100,100
26147,100,100
26148,100,100
26149,100,100
26150,100,100
26151,100,100
26152,100,100
26153,100,100
26154,100,100
26155,100,100
26156,100,100
26157,100,100
26158,100,100
26159,100,100
26160,100,100
26161,100,100
26162,100,100
26163,100,100
26164,100,100
26165,100,100
26166,100,100
26167,100,100
26168,100,100
26169,100,100
26170,100,100
26171,100,100
26172,100,100
26173,100,100
26174,100,100
26175,100,100
26176,100,100
26177,100,100
26178,100,100
26179,100,100
26180,100,100
26181,100,100
26182,100,100
26183,100,100
26184,100,100
26185,100,100
26186,100,100
26187,100,100
26188,100,100
26189,100,100
26190,100,100
26191,100,100
26192,100,100
26193,100,100
26194,100,100
26195,100,100
26196,100,100
26197,100,100
26198,100,100
26199,100,100
26200,100,100
26201,100,100
26202,100,100
26203,100,100
26204,100,100
26205,100,100
26206,100,100
26207,100,100
26208,100,100
26209,100,100
26210,100,100
26211,100,100
26212,100,100
26213,100,100
26214,100,100
26215,100,100
26216,100,100
26217,100,100
26218,100,100
26219,100,100
26220,100,100
26221,100,100
26222,100,100
26223,100,100
26224,100,100
26225,100,100
26226,100,100
26227,100,100
26228,100,100
26229,100,100
26230,100,100
26231,100,100
26232,100,100
26233,100,100
26234,100,100
26235,100,100
26236,100,100
26237,100,100
26238,100,100
26239,100,100
26240,100,100
26241,100,100
26242,100,100
26243,100,100
26244,100,100
26245,100,100
26246,100,100
26247,100,100
26248,100,100
26249,100,100
26250,100,100
26251,100,100
26252,100,100
26253,100,100
26254,100,100
26255,100,100
26256,100,100
26257,100,100
26258,100,100
26259,100,100
26260,100,100
26261,100,100
26262,100,100
26263,100,100
26264,100,100
26265,100,100
26266,100,100
26267,100,100
26268,100,100
26269,100,100
26270,100,100
26271,100,100
26272,100,100
26273,100,100
26274,100,100
26275,100,100
26276,100,100
26277,100,100
26278,100,100
26279,100,100
26280,100,100
26281,100,100
26282,100,100
26283,100,100
26284,100,100
26285,100,100
26286,100,100
26287,100,100
26288,100,100
26289,100,100
26290,100,100
26291,100,100
26292,100,100
26293,100,100
26294,100,100
26295,100,100
26296,100,100
26297,100,100
26298,100,100
26299,100,100
26300,99,101
26301,99,101
26302,99,101
26303,99,101
26304,99,101
26305,99,101
26306,99,101
26307,99,101
26308,99,101
26309,99,101
26310,99,101
26311,99,101
26312,99,101
26313,99,101
26314,99,101
26315,99,101
26316,99,101
26317,99,101
26318,99,101
26319,99,101
26320,99,101
26321,99,101
26322,99,101
26323,99,101
26324,99,101
26325,99,101
26326,99,101
26327,99,101
26328,99,101
26329,99,101
26330,99,101
26331,99,101
26332,99,101
26333,99,101
26334,99,101
26335,99,101
26336,99,101
26337,99,101
26338,99,101
26339,99,101
26340,99,101
26341,99,101
26342,99,101
26343,99,101
26344,99,101
26345,99,101
26346,99,101
26347,99,101
26348,99,101
26349,99,101
26350,99,101
26351,99,101
26352,99,101
26353,99,101
26354,99,101
26355,99,101
26356,99,101
26357,99,101
26358,99,101
26359,99,101
26360,99,101
26361,99,101
26362,99,101
26363,99,101
26364,99,101
26365,99,101
26366,99,101
26367,99,101
26368,99,101
26369,99,101
26370,99,101
26371,99,101
26372,99,101
26373,99,101
26374,99,101
26375,99,101
26376,99,101
26377,99,101
26378,99,101
26379,99,101
26380,99,101
26381,99,101
26382,99,101
26383,99,101
26384,99,101
26385,99,101
26386,99,101
26387,99,101
26388,99,101
26389,99,101
26390,99,101
26391,99,101
26392,99,101
26393,99,101
26394,99,101
26395,99,101
26396,99,101
26397,99,101
26398,99,101
26399,99,101
26400,100,100
26401,100,100
26402,100,100
26403,100,100
26404,100,100
26405,100,100
26406,100,100
26407,100,100
26408,100,100
26409,100,100
26410,100,100
26411,100,100
26412,100,100
26413,100,100
26414,100,100
26415,100,100
26416,100,100
26417,100,100
26418,100,100
26419,100,100
26420,100,100
26421,100,100
26422,100,100
26423,100,100
26424,100,100
26425,100,100
26426,100,100
26427,100,100
26428,100,100
26429,100,100
26430,100,100
26431,100,100
26432,100,100
26433,100,100
26434,100,100
26435,100,100
26436,100,100
26437,100,100
26438,100,100
26439,100,100
26440,100,100
26441,100,100
26442,100,100
26443,100,100
26444,100,100
26445,100,100
26446,100,100
26447,100,100
26448,100,100
26449,100,100
26450,100,100
26451,100,100
26452,100,100
26453,100,100
26454,100,100
26455,100,100
26456,100,100
26457,100,100
26458,100,100
26459,100,100
26460,100,100
26461,100,100
26462,100,100
26463,100,100
26464,100,100
26465,100,100
26466,100,100
26467,100,100
26468,100,100
26469,100,100
26470,100,100
26471,100,100
26472,100,100
26473,100,100
26474,100,100
26475,100,100
26476,100,100
26477,100,100
26478,100,100
26479,100,100
26480,100,100
26481,100,100
26482,100,100
26483,100,100
26484,100,100
26485,100,100
26486,100,100
26487,100,100
26488,100,100
26489,100,100
26490,100,100
26491,100,100
26492,100,100
26493,100,100
26494,100,100
26495,100,100
26496,100,100
26497,100,100
26498,100,100
26499,100,100
26500,100,100
26501,100,100
26502,100,100
26503,100,100
26504,100,100
26505,100,100
26506,100,100
26507,100,100
26508,100,100
26509,100,100
26510,100,100
26511,100,100
26512,100,100
26513,100,100
26514,100,100
26515,100,100
26516,100,100
26517,100,100
26518,100,100
26519,100,100
26520,100,100
26521,100,100
26522,100,100
26523,100,100
26524,100,100
26525,100,100
26526,100,100
26527,100,100
26528,100,100
26529,100,100
26530,100,100
26531,100,100
26532,100,100
26533,100,100
26534,100,100
26535,100,100
26536,100,100
26537,100,100
26538,100,100
26539,100,100
26540,100,100
26541,100,100
26542,100,100
26543,100,100
26544,100,100
26545,100,100
26546,100,100
26547,100,100
26548,100,100
26549,100,100
26550,100,100
26551,100,100
26552,100,100
26553,100,100
26554,100,100
26555,100,100
26556,100,100
26557,100,100
26558,100,100
26559,100,100
26560,100,100
26561,100,100
26562,100,100
26563,100,100
26564,100,100
26565,100,100
26566,100,100
26567,100,100
26568,100,100
26569,100,100
26570,100,100
26571,100,100
26572,100,100
26573,100,100
26574,100,100
26575,100,100
26576,100,100
26577,100,100
26578,100,100
26579,100,100
26580,100,100
26581,100,100
26582,100,100
26583,100,100
26584,100,100
26585,100,100
26586,100,100
26587,100,100
26588,100,100
26589,100,100
26590,100,100
26591,100,100
26592,100,100
26593,100,100
26594,100,100
26595,100,100
26596,100,100
26597,100,100
26598,100,100
26599,100,100
26600,100,100
26601,100,100
26602,100,100
26603,100,100
26604,100,100
26605,100,100
26606,100,100
26607,100,100
26608,100,100
26609,100,100
26610,100,100
26611,100,100
26612,100,100
26613,100,100
26614,100,100
26615,100,100
26616,100,100
26617,100,100
26618,100,100
26619,100,100
26620,100,100
26621,100,100
26622,100,100
26623,100,100
26624,100,100
26625,100,100
26626,100,100
26627,100,100
26628,100,100
26629,100,100
26630,100,100
26631,100,100
26632,100,100
26633,100,100
26634,100,100
26635,100,100
26636,100,100
26637,100,100
26638,100,100
26639,100,100
26640,100,100
26641,100,100
26642,100,100
26643,100,100
26644,100,100
26645,100,100
26646,100,100
26647,100,100
26648,100,100
26649,100,100
26650,100,100
26651,100,100
26652,100,100
26653,100,100
26654,100,100
26655,100,100
26656,100,100
26657,100,100
26658,100,100
26659,100,100
26660,100,100
26661,100,100
26662,100,100
26663,100,100
26664,100,100
26665,100,100
26666,100,100
26667,100,100
26668,100,100
26669,100,100
26670,100,100
26671,100,100
26672,100,100
26673,100,100
26674,100,100
26675,100,100
26676,100,100
26677,100,100
26678,100,100
26679,100,100
26680,100,100
26681,100,100
26682,100,100
26683,100,100
26684,100,100
26685,100,100
26686,100,100
26687,100,100
26688,100,100
26689,100,100
26690,100,100
26691,100,100
26692,100,100
26693,100,100
26694,100,100
26695,100,100
26696,100,100
26697,100,100
26698,100,100
26699,100,100
26700,100,100
26701,100,100
26702,100,100
26703,100,100
26704,100,100
26705,100,100
26706,100,100
26707,100,100
26708,100,100
26709,100,100
26710,100,100
26711,100,100
26712,100,100
26713,100,100
26714,100,100
26715,100,100
26716,100,100
26717,100,100
26718,100,100
26719,100,100
26720,100,100
26721,100,100
26722,100,100
26723,100,100
26724,100,100
26725,100,100
26726,100,100
26727,100,100
26728,100,100
26729,100,100
26730,100,100
26731,100,100
26732,100,100
26733,100,100
26734,100,100
26735,100,100
26736,100,100
26737,100,100
26738,100,100
26739,100,100
26740,100,100
26741,100,100
26742,100,100
26743,100,100
26744,100,100
26745,100,100
26746,100,100
26747,100,100
26748,100,100
26749,100,100
26750,100,100
26751,100,100
26752,100,100
26753,100,100
26754,100,100
26755,100,100
26756,100,100
26757,100,100
26758,100,100
26759,100,100
26760,100,100
26761,100,100
26762,100,100
26763,100,100
26764,100,100
26765,100,100
26766,100,100
26767,100,100
26768,100,100
26769,100,100
26770,100,100
26771,100,100
26772,100,100
26773,100,100
26774,100,100
26775,100,100
26776,100,100
26777,100,100
26778,100,100
26779,100,100
26780,100,100
26781,100,100
26782,100,100
26783,100,100
26784,100,100
26785,100,100
26786,100,100
26787,100,100
26788,100,100
26789,100,100
26790,100,100
26791,100,100
26792,100,100
26793,100,100
26794,100,100
26795,100,100
26796,100,100
26797,100,100
26798,100,100
26799,100,100
26800,100,100
26801,100,100
26802,100,100
26803,100,100
26804,100,100
26805,100,100
26806,100,100
26807,100,100
26808,100,100
26809,100,100
26810,100,100
26811,100,100
26812,100,100
26813,100,100
26814,100,100
26815,100,100
26816,100,100
26817,100,100
26818,100,100
26819,100,100
26820,100,100
26821,100,100
26822,100,100
26823,100,100
26824,100,100
26825,100,100
26826,100,100
26827,100,100
26828,100,100
26829,100,100
26830,100,100
26831,100,100
26832,100,100
26833,100,100
26834,100,100
26835,100,100
26836,100,100
26837,100,100
26838,100,100
26839,100,100
26840,100,100
26841,100,100
26842,100,100
26843,100,100
26844,100,100
26845,100,100
26846,100,100
26847,100,100
26848,100,100
26849,100,100
26850,100,100
26851,100,100
26852,100,100
26853,100,100
26854,100,100
26855,100,100
26856,100,100
26857,100,100
26858,100,100
26859,100,100
26860,100,100
26861,100,100
26862,100,100
26863,100,100
26864,100,100
26865,100,100
26866,100,100
26867,100,100
26868,100,100
26869,100,100
26870,100,100
26871,100,100
26872,100,100
26873,100,100
26874,100,100
26875,100,100
26876,100,100
26877,100,100
26878,100,100
26879,100,100
26880,100,100
26881,100,100
26882,100,100
26883,100,100
26884,100,100
26885,100,100
26886,100,100
26887,100,100
26888,100,100
26889,100,100
26890,100,100
26891,100,100
26892,100,100
26893,100,100
26894,100,100
26895,100,100
26896,100,100
26897,100,100
26898,100,100
26899,100,100
26900,100,100
26901,100,100
26902,100,100
26903,100,100
26904,100,100
26905,100,100
26906,100,100
26907,100,100
26908,100,100
26909,100,100
26910,100,100
26911,100,100
26912,100,100
26913,100,100
26914,100,100
26915,100,100
26916,100,100
26917,100,100
26918,100,100
26919,100,100
26920,100,100
26921,100,100
26922,100,100
26923,100,100
26924,100,100
26925,100,100
26926,100,100
26927,100,100
26928,100,100
26929,100,100
26930,100,100
26931,100,100
26932,100,100
26933,100,100
26934,100,100
26935,100,100
26936,100,100
26937,100,100
26938,100,100
26939,100,100
26940,100,100
26941,100,100
26942,100,100
26943,100,100
26944,100,100
26945,100,100
26946,100,100
26947,100,100
26948,100,100
26949,100,100
26950,100,100
26951,100,100
26952,100,100
26953,100,100
26954,100,100
26955,100,100
26956,100,100
26957,100,100
26958,100,100
26959,100,100
26960,100,100
26961,100,100
26962,100,100
26963,100,100
26964,100,100
26965,100,100
26966,100,100
26967,100,100
26968,100,100
26969,100,100
26970,100,100
26971,100,100
26972,100,100
26973,100,100
26974,100,100
26975,100,100
26976,100,100
26977,100,100
26978,100,100
26979,100,100
26980,100,100
26981,100,100
26982,100,100
26983,100,100
26984,100,100
26985,100,100
26986,100,100
26987,100,100
26988,100,100
26989,100,100
26990,100,100
26991,100,100
26992,100,100
26993,100,100
26994,100,100
26995,100,100
26996,100,100
26997,100,100
26998,100,100
26999,100,100
27000,100,100
27001,100,100
27002,100,100
27003,100,100
27004,100,100
27005,100,100
27006,100,100
27007,100,100
27008,100,100
27009,100,100
27010,100,100
27011,100,100
27012,100,100
27013,100,100
27014,100,100
27015,100,100
27016,100,100
27017,100,100
27018,100,100
27019,100,100
27020,100,100
27021,100,100
27022,100,100
27023,100,100
27024,100,100
27025,100,100
27026,100,100
27027,100,100
27028,100,100
27029,100,100
27030,100,100
27031,100,100
27032,100,100
27033,100,100
27034,100,100
27035,100,100
27036,100,100
27037,100,100
27038,100,100
27039,100,100
27040,100,100
27041,100,100
27042,100,100
27043,100,100
27044,100,100
27045,100,100
27046,100,100
27047,100,100
27048,100,100
27049,100,100
27050,100,100
27051,100,100
27052,100,100
27053,100,100
27054,100,100
27055,100,100
27056,100,100
27057,100,100
27058,100,100
27059,100,100
27060,100,100
27061,100,100
27062,100,100
27063,100,100
27064,100,100
27065,100,100
27066,100,100
27067,100,100
27068,100,100
27069,100,100
27070,100,100
27071,100,100
27072,100,100
27073,100,100
27074,100,100
27075,100,100
27076,100,100
27077,100,100
27078,100,100
27079,100,100
27080,100,100
27081,100,100
27082,100,100
27083,100,100
27084,100,100
27085,100,100
27086,100,100
27087,100,100
27088,100,100
27089,100,100
27090,100,100
27091,100,100
27092,100,100
27093,100,100
27094,100,100
27095,100,100
27096,100,100
27097,100,100
27098,100,100
27099,100,100
27100,100,100
27101,100,100
27102,100,100
27103,100,100
27104,100,100
27105,100,100
27106,100,100
27107,100,100
27108,100,100
27109,100,100
27110,100,100
27111,100,100
27112,100,100
27113,100,100
27114,100,100
27115,100,100
27116,100,100
27117,100,100
27118,100,100
27119,100,100
27120,100,100
27121,100,100
27122,100,100
27123,100,100
27124,100,100
27125,100,100
27126,100,100
27127,100,100
27128,100,100
27129,100,100
27130,100,100
27131,100,100
27132,100,100
27133,100,100
27134,100,100
27135,100,100
27136,100,100
27137,100,100
27138,100,100
27139,100,100
27140,100,100
27141,100,100
27142,100,100
27143,100,100
27144,100,100
27145,100,100
27146,100,100
27147,100,100
27148,100,100
27149,100,100
27150,100,100
27151,100,100
27152,100,100
27153,100,100
27154,100,100
27155,100,100
27156,100,100
27157,100,100
27158,100,100
27159,100,100
27160,100,100
27161,100,100
27162,100,100
27163,100,100
27164,100,100
27165,100,100
27166,100,100
27167,100,100
27168,100,100
27169,100,100
27170,100,100
27171,100,100
27172,100,100
27173,100,100
27174,100,100
27175,100,100
27176,100,100
27177,100,100
27178,100,100
27179,100,100
27180,100,100
27181,100,100
27182,100,100
27183,100,100
27184,100,100
27185,100,100
27186,100,100
27187,100,100
27188,100,100
27189,100,100
27190,100,100
27191,100,100
27192,100,100
27193,100,100
27194,100,100
27195,100,100
27196,100,100
27197,100,100
27198,100,100
27199,100,100
27200,100,100
27201,100,100
27202,100,100
27203,100,100
27204,100,100
27205,100,100
27206,100,100
27207,100,100
27208,100,100
27209,100,100
27210,100,100
27211,100,100
27212,100,100
27213,100,100
27214,100,100
27215,100,100
27216,100,100
27217,100,100
27218,100,100
27219,100,100
27220,100,100
27221,100,100
27222,100,100
27223,100,100
27224,100,100
27225,100,100
27226,100,100
27227,100,100
27228,100,100
27229,100,100
27230,100,100
27231,100,100
27232,100,100
27233,100,100
27234,100,100
27235,100,100
27236,100,100
27237,100,100
27238,100,100
27239,100,100
27240,100,100
27241,100,100
27242,100,100
27243,100,100
27244,100,100
27245,100,100
27246,100,100
27247,100,100
27248,100,100
27249,100,100
27250,100,100
27251,100,100
27252,100,100
27253,100,100
27254,100,100
27255,100,100
27256,100,100
27257,100,100
27258,100,100
27259,100,100
27260,100,100
27261,100,100
27262,100,100
27263,100,100
27264,100,100
27265,100,100
27266,100,100
27267,100,100
27268,100,100
27269,100,100
27270,100,100
27271,100,100
27272,100,100
27273,100,100
27274,100,100
27275,100,100
27276,100,100
27277,100,100
27278,100,100
27279,100,100
27280,100,100
27281,100,100
27282,100,100
27283,100,100
27284,100,100
27285,100,100
27286,100,100
27287,100,100
27288,100,100
27289,100,100
27290,100,100
27291,100,100
27292,100,100
27293,100,100
27294,100,100
27295,100,100
27296,100,100
27297,100,100
27298,100,100
27299,100,100
27300,100,100
27301,100,100
27302,100,100
27303,100,100
27304,100,100
27305,100,100
27306,100,100
27307,100,100
27308,100,100
27309,100,100
27310,100,100
27311,100,100
27312,100,100
27313,100,100
27314,100,100
27315,100,100
27316,100,100
27317,100,100
27318,100,100
27319,100,100
27320,100,100
27321,100,100
27322,100,100
27323,100,100
27324,100,100
27325,100,100
27326,100,100
27327,100,100
27328,100,100
27329,100,100
27330,100,100
27331,100,100
27332,100,100
27333,100,100
27334,100,100
27335,100,100
27336,100,100
27337,100,100
27338,100,100
27339,100,100
27340,100,100
27341,100,100
27342,100,100
27343,100,100
27344,100,100
27345,100,100
27346,100,100
27347,100,100
27348,100,100
27349,100,100
27350,100,100
27351,100,100
27352,100,100
27353,100,100
27354,100,100
27355,100,100
27356,100,100
27357,100,100
27358,100,100
27359,100,100
27360,100,100
27361,100,100
27362,100,100
27363,100,100
27364,100,100
27365,100,100
27366,100,100
27367,100,100
27368,100,100
27369,100,100
27370,100,100
27371,100,100
27372,100,100
27373,100,100
27374,100,100
27375,100,100
27376,100,100
27377,100,100
27378,100,100
27379,100,100
27380,100,100
27381,100,100
27382,100,100
27383,100,100
27384,100,100
27385,100,100
27386,100,100
27387,100,100
27388,100,100
27389,100,100
27390,100,100
27391,100,100
27392,100,100
27393,100,100
27394,100,100
27395,100,100
27396,100,100
27397,100,100
27398,100,100
27399,100,100
27400,100,100
27401,100,100
27402,100,100
27403,100,100
27404,100,100
27405,100,100
27406,100,100
27407,100,100
27408,100,100
27409,100,100
27410,100,100
27411,100,100
27412,100,100
27413,100,100
27414,100,100
27415,100,100
27416,100,100
27417,100,100
27418,100,100
27419,100,100
27420,100,100
27421,100,100
27422,100,100
27423,100,100
27424,100,100
27425,100,100
27426,100,100
27427,100,100
27428,100,100
27429,100,100
27430,100,100
27431,100,100
27432,100,100
27433,100,100
27434,100,100
27435,100,100
27436,100,100
27437,100,100
27438,100,100
27439,100,100
27440,100,100
27441,100,100
27442,100,100
27443,100,100
27444,100,100
27445,100,100
27446,100,100
27447,100,100
27448,100,100
27449,100,100
27450,100,100
27451,100,100
27452,100,100
27453,100,100
27454,100,100
27455,100,100
27456,100,100
27457,100,100
27458,100,100
27459,100,100
27460,100,100
27461,100,100
27462,100,100
27463,100,100
27464,100,100
27465,100,100
27466,100,100
27467,100,100
27468,100,100
27469,100,100
27470,100,100
27471,100,100
27472,100,100
27473,100,100
27474,100,100
27475,100,100
27476,100,100
27477,100,100
27478,100,100
27479,100,100
27480,100,100
27481,100,100
27482,100,100
27483,100,100
27484,100,100
27485,100,100
27486,100,100
27487,100,100
27488,100,100
27489,100,100
27490,100,100
27491,100,100
27492,100,100
27493,100,100
27494,100,100
27495,100,100
27496,100,100
27497,100,100
27498,100,100
27499,100,100
27500,100,100
27501,100,100
27502,100,100
27503,100,100
27504,100,100
27505,100,100
27506,100,100
27507,100,100
27508,100,100
27509,100,100
27510,100,100
27511,100,100
27512,100,100
27513,100,100
27514,100,100
27515,100,100
27516,100,100
27517,100,100
27518,100,100
27519,100,100
27520,100,100
27521,100,100
27522,100,100
27523,100,100
27524,100,100
27525,100,100
27526,100,100
27527,100,100
27528,100,100
27529,100,100
27530,100,100
27531,100,100
27532,100,100
27533,100,100
27534,100,100
27535,100,100
27536,100,100
27537,100,100
27538,100,100
27539,100,100
27540,100,100
27541,100,100
27542,100,100
27543,100,100
27544,100,100
27545,100,100
27546,100,100
27547,100,100
27548,100,100
27549,100,100
27550,100,100
27551,100,100
27552,100,100
27553,100,100
27554,100,100
27555,100,100
27556,100,100
27557,100,100
27558,100,100
27559,100,100
27560,100,100
27561,100,100
27562,100,100
27563,100,100
27564,100,100
27565,100,100
27566,100,100
27567,100,100
27568,100,100
27569,100,100
27570,100,100
27571,100,100
27572,100,100
27573,100,100
27574,100,100
27575,100,100
27576,100,100
27577,100,100
27578,100,100
27579,100,100
27580,100,100
27581,100,100
27582,100,100
27583,100,100
27584,100,100
27585,100,100
27586,100,100
27587,100,100
27588,100,100
27589,100,100
27590,100,100
27591,100,100
27592,100,100
27593,100,100
27594,100,100
27595,100,100
27596,100,100
27597,100,100
27598,100,100
27599,100,100
27600,100,100
27601,100,100
27602,100,100
27603,100,100
27604,100,100
27605,100,100
27606,100,100
27607,100,100
27608,100,100
27609,100,100
27610,100,100
27611,100,100
27612,100,100
27613,100,100
27614,100,100
27615,100,100
27616,100,100
27617,100,100
27618,100,100
27619,100,100
27620,100,100
27621,100,100
27622,100,100
27623,100,100
27624,100,100
27625,100,100
27626,100,100
27627,100,100
27628,100,100
27629,100,100
27630,100,100
27631,100,100
27632,100,100
27633,100,100
27634,100,100
27635,100,100
27636,100,100
27637,100,100
27638,100,100
27639,100,100
27640,100,100
27641,100,100
27642,100,100
27643,100,100
27644,100,100
27645,100,100
27646,100,100
27647,100,100
27648,100,100
27649,100,100
27650,100,100
27651,100,100
27652,100,100
27653,100,100
27654,100,100
27655,100,100
27656,100,100
27657,100,100
27658,100,100
27659,100,100
27660,100,100
27661,100,100
27662,100,100
27663,100,100
27664,100,100
27665,100,100
27666,100,100
27667,100,100
27668,100,100
27669,100,100
27670,100,100
27671,100,100
27672,100,100
27673,100,100
27674,100,100
27675,100,100
27676,100,100
27677,100,100
27678,100,100
27679,100,100
27680,100,100
27681,100,100
27682,100,100
27683,100,100
27684,100,100
27685,100,100
27686,100,100
27687,100,100
27688,100,100
27689,100,100
27690,100,100
27691,100,100
27692,100,100
27693,100,100
27694,100,100
27695,100,100
27696,100,100
27697,100,100
27698,100,100
27699,100,100
27700,100,100
27701,100,100
27702,100,100
27703,100,100
27704,100,100
27705,100,100
27706,100,100
27707,100,100
27708,100,100
27709,100,100
27710,100,100
27711,100,100
27712,100,100
27713,100,100
27714,100,100
27715,100,100
27716,100,100
27717,100,100
27718,100,100
27719,100,100
27720,100,100
27721,100,100
27722,100,100
27723,100,100
27724,100,100
27725,100,100
27726,100,100
27727,100,100
27728,100,100
27729,100,100
27730,100,100
27731,100,100
27732,100,100
27733,100,100
27734,100,100
27735,100,100
27736,100,100
27737,100,100
27738,100,100
27739,100,100
27740,100,100
27741,100,100
27742,100,100
27743,100,100
27744,100,100
27745,100,100
27746,100,100
27747,100,100
27748,100,100
27749,100,100
27750,100,100
27751,100,100
27752,100,100
27753,100,100
27754,100,100
27755,100,100
27756,100,100
27757,100,100
27758,100,100
27759,100,100
27760,100,100
27761,100,100
27762,100,100
27763,100,100
27764,100,100
27765,100,100
27766,100,100
27767,100,100
27768,100,100
27769,100,100
27770,100,100
27771,100,100
27772,100,100
27773,100,100
27774,100,100
27775,100,100
27776,100,100
27777,100,100
27778,100,100
27779,100,100
27780,100,100
27781,100,100
27782,100,100
27783,100,100
27784,100,100
27785,100,100
27786,100,100
27787,100,100
27788,100,100
27789,100,100
27790,100,100
27791,100,100
27792,100,100
27793,100,100
27794,100,100
27795,100,100
27796,100,100
27797,100,100
27798,100,100
27799,100,100
27800,100,100
27801,100,100
27802,100,100
27803,100,100
27804,100,100
27805,100,100
27806,100,100
27807,100,100
27808,100,100
27809,100,100
27810,100,100
27811,100,100
27812,100,100
27813,100,100
27814,100,100
27815,100,100
27816,100,100
27817,100,100
27818,100,100
27819,100,100
27820,100,100
27821,100,100
27822,100,100
27823,100,100
27824,100,100
27825,100,100
27826,100,100
27827,100,100
27828,100,100
27829,100,100
27830,100,100
27831,100,100
27832,100,100
27833,100,100
27834,100,100
27835,100,100
27836,100,100
27837,100,100
27838,100,100
27839,100,100
27840,100,100
27841,100,100
27842,100,100
27843,100,100
27844,100,100
27845,100,100
27846,100,100
27847,100,100
27848,100,100
27849,100,100
27850,100,100
27851,100,100
27852,100,100
27853,100,100
27854,100,100
27855,100,100
27856,100,100
27857,100,100
27858,100,100
27859,100,100
27860,100,100
27861,100,100
27862,100,100
27863,100,100
27864,100,100
27865,100,100
27866,100,100
27867,100,100
27868,100,100
27869,100,100
27870,100,100
27871,100,100
27872,100,100
27873,100,100
27874,100,100
27875,100,100
27876,100,100
27877,100,100
27878,100,100
27879,100,100
27880,100,100
27881,100,100
27882,100,100
27883,100,100
27884,100,100
27885,100,100
27886,100,100
27887,100,100
27888,100,100
27889,100,100
27890,100,100
27891,100,100
27892,100,100
27893,100,100
27894,100,100
27895,100,100
27896,100,100
27897,100,100
27898,100,100
27899,100,100
27900,100,100
27901,100,100
27902,100,100
27903,100,100
27904,100,100
27905,100,100
27906,100,100
27907,100,100
27908,100,100
27909,100,100
27910,100,100
27911,100,100
27912,100,100
27913,100,100
27914,100,100
27915,100,100
27916,100,100
27917,100,100
27918,100,100
27919,100,100
27920,100,100
27921,100,100
27922,100,100
27923,100,100
27924,100,100
27925,100,100
27926,100,100
27927,100,100
27928,100,100
27929,100,100
27930,100,100
27931,100,100
27932,100,100
27933,100,100
27934,100,100
27935,100,100
27936,100,100
27937,100,100
27938,100,100
27939,100,100
27940,100,100
27941,100,100
27942,100,100
27943,100,100
27944,100,100
27945,100,100
27946,100,100
27947,100,100
27948,100,100
27949,100,100
27950,100,100
27951,100,100
27952,100,100
27953,100,100
27954,100,100
27955,100,100
27956,100,100
27957,100,100
27958,100,100
27959,100,100
27960,100,100
27961,100,100
27962,100,100
27963,100,100
27964,100,100
27965,100,100
27966,100,100
27967,100,100
27968,100,100
27969,100,100
27970,100,100
27971,100,100
27972,100,100
27973,100,100
27974,100,100
27975,100,100
27976,100,100
27977,100,100
27978,100,100
27979,100,100
27980,100,100
27981,100,100
27982,100,100
27983,100,100
27984,100,100
27985,100,100
27986,100,100
27987,100,100
27988,100,100
27989,100,100
27990,100,100
27991,100,100
27992,100,100
27993,100,100
27994,100,100
27995,100,100
27996,100,100
27997,100,100
27998,100,100
27999,100,100
28000,100,100
28001,100,100
28002,100,100
28003,100,100
28004,100,100
28005,100,100
28006,100,100
28007,100,100
28008,100,100
28009,100,100
28010,100,100
28011,100,100
28012,100,100
28013,100,100
28014,100,100
28015,100,100
28016,100,100
28017,100,100
28018,100,100
28019,100,100
28020,100,100
28021,100,100
28022,100,100
28023,100,100
28024,100,100
28025,100,100
28026,100,100
28027,100,100
28028,100,100
28029,100,100
28030,100,100
28031,100,100
28032,100,100
28033,100,100
28034,100,100
28035,100,100
28036,100,100
28037,100,100
28038,100,100
28039,100,100
28040,100,100
28041,100,100
28042,100,100
28043,100,100
28044,100,100
28045,100,100
28046,100,100
28047,100,100
28048,100,100
28049,100,100
28050,100,100
28051,100,100
28052,100,100
28053,100,100
28054,100,100
28055,100,100
28056,100,100
28057,100,100
28058,100,100
28059,100,100
28060,100,100
28061,100,100
28062,100,100
28063,100,100
28064,100,100
28065,100,100
28066,100,100
28067,100,100
28068,100,100
28069,100,100
28070,100,100
28071,100,100
28072,100,100
28073,100,100
28074,100,100
28075,100,100
28076,100,100
28077,100,100
28078,100,100
28079,100,100
28080,100,100
28081,100,100
28082,100,100
28083,100,100
28084,100,100
28085,100,100
28086,100,100
28087,100,100
28088,100,100
28089,100,100
28090,100,100
28091,100,100
28092,100,100
28093,100,100
28094,100,100
28095,100,100
28096,100,100
28097,100,100
28098,100,100
28099,100,100
28100,100,100
28101,100,100
28102,100,100
28103,100,100
28104,100,100
28105,100,100
28106,100,100
28107,100,100
28108,100,100
28109,100,100
28110,100,100
28111,100,100
28112,100,100
28113,100,100
28114,100,100
28115,100,100
28116,100,100
28117,100,100
28118,100,100
28119,100,100
28120,100,100
28121,100,100
28122,100,100
28123,100,100
28124,100,100
28125,100,100
28126,100,100
28127,100,100
28128,100,100
28129,100,100
28130,100,100
28131,100,100
28132,100,100
28133,100,100
28134,100,100
28135,100,100
28136,100,100
28137,100,100
28138,100,100
28139,100,100
28140,100,100
28141,100,100
28142,100,100
28143,100,100
28144,100,100
28145,100,100
28146,100,100
28147,100,100
28148,100,100
28149,100,100
28150,100,100
28151,100,100
28152,100,100
28153,100,100
28154,100,100
28155,100,100
28156,100,100
28157,100,100
28158,100,100
28159,100,100
28160,100,100
28161,100,100
28162,100,100
28163,100,100
28164,100,100
28165,100,100
28166,100,100
28167,100,100
28168,100,100
28169,100,100
28170,100,100
28171,100,100
28172,100,100
28173,100,100
28174,100,100
28175,100,100
28176,100,100
28177,100,100
28178,100,100
28179,100,100
28180,100,100
28181,100,100
28182,100,100
28183,100,100
28184,100,100
28185,100,100
28186,100,100
28187,100,100
28188,100,100
28189,100,100
28190,100,100
28191,100,100
28192,100,100
28193,100,100
28194,100,100
28195,100,100
28196,100,100
28197,100,100
28198,100,100
28199,100,100
28200,100,100
28201,100,100
28202,100,100
28203,100,100
28204,100,100
28205,100,100
28206,100,100
28207,100,100
28208,100,100
28209,100,100
28210,100,100
28211,100,100
28212,100,100
28213,100,100
28214,100,100
28215,100,100
28216,100,100
28217,100,100
28218,100,100
28219,100,100
28220,100,100
28221,100,100
28222,100,100
28223,100,100
28224,100,100
28225,100,100
28226,100,100
28227,100,100
28228,100,100
28229,100,100
28230,100,100
28231,100,100
28232,100,100
28233,100,100
28234,100,100
28235,100,100
28236,100,100
28237,100,100
28238,100,100
28239,100,100
28240,100,100
28241,100,100
28242,100,100
28243,100,100
28244,100,100
28245,100,100
28246,100,100
28247,100,100
28248,100,100
28249,100,100
28250,100,100
28251,100,100
28252,100,100
28253,100,100
28254,100,100
28255,100,100
28256,100,100
28257,100,100
28258,100,100
28259,100,100
28260,100,100
28261,100,100
28262,100,100
28263,100,100
28264,100,100
28265,100,100
28266,100,100
28267,100,100
28268,100,100
28269,100,100
28270,100,100
28271,100,100
28272,100,100
28273,100,100
28274,100,100
28275,100,100
28276,100,100
28277,100,100
28278,100,100
28279,100,100
28280,100,100
28281,100,100
28282,100,100
28283,100,100
28284,100,100
28285,100,100
28286,100,100
28287,100,100
28288,100,100
28289,100,100
28290,100,100
28291,100,100
28292,100,100
28293,100,100
28294,100,100
28295,100,100
28296,100,100
28297,100,100
28298,100,100
28299,100,100
28300,100,100
28301,100,100
28302,100,100
28303,100,100
28304,100,100
28305,100,100
28306,100,100
28307,100,100
28308,100,100
28309,100,100
28310,100,100
28311,100,100
28312,100,100
28313,100,100
28314,100,100
28315,100,100
28316,100,100
28317,100,100
28318,100,100
28319,100,100
28320,100,100
28321,100,100
28322,100,100
28323,100,100
28324,100,100
28325,100,100
28326,100,100
28327,100,100
28328,100,100
28329,100,100
28330,100,100
28331,100,100
28332,100,100
28333,100,100
28334,100,100
28335,100,100
28336,100,100
28337,100,100
28338,100,100
28339,100,100
28340,100,100
28341,100,100
28342,100,100
28343,100,100
28344,100,100
28345,100,100
28346,100,100
28347,100,100
28348,100,100
28349,100,100
28350,100,100
28351,100,100
28352,100,100
28353,100,100
28354,100,100
28355,100,100
28356,100,100
28357,100,100
28358,100,100
28359,100,100
28360,100,100
28361,100,100
28362,100,100
28363,100,100
28364,100,100
28365,100,100
28366,100,100
28367,100,100
28368,100,100
28369,100,100
28370,100,100
28371,100,100
28372,100,100
28373,100,100
28374,100,100
28375,100,100
28376,100,100
28377,100,100
28378,100,100
28379,100,100
28380,100,100
28381,100,100
28382,100,100
28383,100,100
28384,100,100
28385,100,100
28386,100,100
28387,100,100
28388,100,100
28389,100,100
28390,100,100
28391,100,100
28392,100,100
28393,100,100
28394,100,100
28395,100,100
28396,100,100
28397,100,100
28398,100,100
28399,100,100
28400,100,100
28401,100,100
28402,100,100
28403,100,100
28404,100,100
28405,100,100
28406,100,100
28407,100,100
28408,100,100
28409,100,100
28410,100,100
28411,100,100
28412,100,100
28413,100,100
28414,100,100
28415,100,100
28416,100,100
28417,100,100
28418,100,100
28419,100,100
28420,100,100
28421,100,100
28422,100,100
28423,100,100
28424,100,100
28425,100,100
28426,100,100
28427,100,100
28428,100,100
28429,100,100
28430,100,100
28431,100,100
28432,100,100
28433,100,100
28434,100,100
28435,100,100
28436,100,100
28437,100,100
28438,100,100
28439,100,100
28440,100,100
28441,100,100
28442,100,100
28443,100,100
28444,100,100
28445,100,100
28446,100,100
28447,100,100
28448,100,100
28449,100,100
28450,100,100
28451,100,100
28452,100,100
28453,100,100
28454,100,100
28455,100,100
28456,100,100
28457,100,100
28458,100,100
28459,100,100
28460,100,100
28461,100,100
28462,100,100
28463,100,100
28464,100,100
28465,100,100
28466,100,100
28467,100,100
28468,100,100
28469,100,100
28470,100,100
28471,100,100
28472,100,100
28473,100,100
28474,100,100
28475,100,100
28476,100,100
28477,100,100
28478,100,100
28479,100,100
28480,100,100
28481,100,100
28482,100,100
28483,100,100
28484,100,100
28485,100,100
28486,100,100
28487,100,100
28488,100,100
28489,100,100
28490,100,100
28491,100,100
28492,100,100
28493,100,100
28494,100,100
28495,100,100
28496,100,100
28497,100,100
28498,100,100
28499,100,100
28500,99,101
28501,99,101
28502,99,101
28503,99,101
28504,99,101
28505,99,101
28506,99,101
28507,99,101
28508,99,101
28509,99,101
28510,99,101
28511,99,101
28512,99,101
28513,99,101
28514,99,101
28515,99,101
28516,99,101
28517,99,101
28518,99,101
28519,99,101
28520,99,101
28521,99,101
28522,99,101
28523,99,101
28524,99,101
28525,99,101
28526,99,101
28527,99,101
28528,99,101
28529,99,101
28530,99,101
28531,99,101
28532,99,101
28533,99,101
28534,99,101
28535,99,101
28536,99,101
28537,99,101
28538,99,101
28539,99,101
28540,99,101
28541,99,101
28542,99,101
28543,99,101
28544,99,101
28545,99,101
28546,99,101
28547,99,101
28548,99,101
28549,99,101
28550,99,101
28551,99,101
28552,99,101
28553,99,101
28554,99,101
28555,99,101
28556,99,101
28557,99,101
28558,99,101
28559,99,101
28560,99,101
28561,99,101
28562,99,101
28563,99,101
28564,99,101
28565,99,101
28566,99,101
28567,99,101
28568,99,101
28569,99,101
28570,99,101
28571,99,101
28572,99,101
28573,99,101
28574,99,101
28575,99,101
28576,99,101
28577,99,101
28578,99,101
28579,99,101
28580,99,101
28581,99,101
28582,99,101
28583,99,101
28584,99,101
28585,99,101
28586,99,101
28587,99,101
28588,99,101
28589,99,101
28590,99,101
28591,99,101
28592,99,101
28593,99,101
28594,99,101
28595,99,101
28596,99,101
28597,99,101
28598,99,101
28599,99,101
28600,100,100
28601,100,100
28602,100,100
28603,100,100
28604,100,100
28605,100,100
28606,100,100
28607,100,100
28608,100,100
28609,100,100
28610,100,100
28611,100,100
28612,100,100
28613,100,100
28614,100,100
28615,100,100
28616,100,100
28617,100,100
28618,100,100
28619,100,100
28620,100,100
28621,100,100
28622,100,100
28623,100,100
28624,100,100
28625,100,100
28626,100,100
28627,100,100
28628,100,100
28629,100,100
28630,100,100
28631,100,100
28632,100,100
28633,100,100
28634,100,100
28635,100,100
28636,100,100
28637,100,100
28638,100,100
28639,100,100
28640,100,100
28641,100,100
28642,100,100
28643,100,100
28644,100,100
28645,100,100
28646,100,100
28647,100,100
28648,100,100
28649,100,100
28650,100,100
28651,100,100
28652,100,100
28653,100,100
28654,100,100
28655,100,100
28656,100,100
28657,100,100
28658,100,100
28659,100,100
28660,100,100
28661,100,100
28662,100,100
28663,100,100
28664,100,100
28665,100,100
28666,100,100
28667,100,100
28668,100,100
28669,100,100
28670,100,100
28671,100,100
28672,100,100
28673,100,100
28674,100,100
28675,100,100
28676,100,100
28677,100,100
28678,100,100
28679,100,100
28680,100,100
28681,100,100
28682,100,100
28683,100,100
28684,100,100
28685,100,100
28686,100,100
28687,100,100
28688,100,100
28689,100,100
28690,100,100
28691,100,100
28692,100,100
28693,100,100
28694,100,100
28695,100,100
28696,100,100
28697,100,100
28698,100,100
28699,100,100
28700,100,100
28701,100,100
28702,100,100
28703,100,100
28704,100,100
28705,100,100
28706,100,100
28707,100,100
28708,100,100
28709,100,100
28710,100,100
28711,100,100
28712,100,100
28713,100,100
28714,100,100
28715,100,100
28716,100,100
28717,100,100
28718,100,100
28719,100,100
28720,100,100
28721,100,100
28722,100,100
28723,100,100
28724,100,100
28725,100,100
28726,100,100
28727,100,100
28728,100,100
28729,100,100
28730,100,100
28731,100,100
28732,100,100
28733,100,100
28734,100,100
28735,100,100
28736,100,100
28737,100,100
28738,100,100
28739,100,100
28740,100,100
28741,100,100
28742,100,100
28743,100,100
28744,100,100
28745,100,100
28746,100,100
28747,100,100
28748,100,100
28749,100,100
28750,100,100
28751,100,100
28752,100,100
28753,100,100
28754,100,100
28755,100,100
28756,100,100
28757,100,100
28758,100,100
28759,100,100
28760,100,100
28761,100,100
28762,100,100
28763,100,100
28764,100,100
28765,100,100
28766,100,100
28767,100,100
28768,100,100
28769,100,100
28770,100,100
28771,100,100
28772,100,100
28773,100,100
28774,100,100
28775,100,100
28776,100,100
28777,100,100
28778,100,100
28779,100,100
28780,100,100
28781,100,100
28782,100,100
28783,100,100
28784,100,100
28785,100,100
28786,100,100
28787,100,100
28788,100,100
28789,100,100
28790,100,100
28791,100,100
28792,100,100
28793,100,100
28794,100,100
28795,100,100
28796,100,100
28797,100,100
28798,100,100
28799,100,100
28800,100,100
28801,100,100
28802,100,100
28803,100,100
28804,100,100
28805,100,100
28806,100,100
28807,100,100
28808,100,100
28809,100,100
28810,100,100
28811,100,100
28812,100,100
28813,100,100
28814,100,100
28815,100,100
28816,100,100
28817,100,100
28818,100,100
28819,100,100
28820,100,100
28821,100,100
28822,100,100
28823,100,100
28824,100,100
28825,100,100
28826,100,100
28827,100,100
28828,100,100
28829,100,100
28830,100,100
28831,100,100
28832,100,100
28833,100,100
28834,100,100
28835,100,100
28836,100,100
28837,100,100
28838,100,100
28839,100,100
28840,100,100
28841,100,100
28842,100,100
28843,100,100
28844,100,100
28845,100,100
28846,100,100
28847,100,100
28848,100,100
28849,100,100
28850,100,100
28851,100,100
28852,100,100
28853,100,100
28854,100,100
28855,100,100
28856,100,100
28857,100,100
28858,100,100
28859,100,100
28860,100,100
28861,100,100
28862,100,100
28863,100,100
28864,100,100
28865,100,100
28866,100,100
28867,100,100
28868,100,100
28869,100,100
28870,100,100
28871,100,100
28872,100,100
28873,100,100
28874,100,100
28875,100,100
28876,100,100
28877,100,100
28878,100,100
28879,100,100
28880,100,100
28881,100,100
28882,100,100
28883,100,100
28884,100,100
28885,100,100
28886,100,100
28887,100,100
28888,100,100
28889,100,100
28890,100,100
28891,100,100
28892,100,100
28893,100,100
28894,100,100
28895,100,100
28896,100,100
28897,100,100
28898,100,100
28899,100,100
28900,100,100
28901,100,100
28902,100,100
28903,100,100
28904,100,100
28905,100,100
28906,100,100
28907,100,100
28908,100,100
28909,100,100
28910,100,100
28911,100,100
28912,100,100
28913,100,100
28914,100,100
28915,100,100
28916,100,100
28917,100,100
28918,100,100
28919,100,100
28920,100,100
28921,100,100
28922,100,100
28923,100,100
28924,100,100
28925,100,100
28926,100,100
28927,100,100
28928,100,100
28929,100,100
28930,100,100
28931,100,100
28932,100,100
28933,100,100
28934,100,100
28935,100,100
28936,100,100
28937,100,100
28938,100,100
28939,100,100
28940,100,100
28941,100,100
28942,100,100
28943,100,100
28944,100,100
28945,100,100
28946,100,100
28947,100,100
28948,100,100
28949,100,100
28950,100,100
28951,100,100
28952,100,100
28953,100,100
28954,100,100
28955,100,100
28956,100,100
28957,100,100
28958,100,100
28959,100,100
28960,100,100
28961,100,100
28962,100,100
28963,100,100
28964,100,100
28965,100,100
28966,100,100
28967,100,100
28968,100,100
28969,100,100
28970,100,100
28971,100,100
28972,100,100
28973,100,100
28974,100,100
28975,100,100
28976,100,100
28977,100,100
28978,100,100
28979,100,100
28980,100,100
28981,100,100
28982,100,100
28983,100,100
28984,100,100
28985,100,100
28986,100,100
28987,100,100
28988,100,100
28989,100,100
28990,100,100
28991,100,100
28992,100,100
28993,100,100
28994,100,100
28995,100,100
28996,100,100
28997,100,100
28998,100,100
28999,100,100
29000,100,100
29001,100,100
29002,100,100
29003,100,100
29004,100,100
29005,100,100
29006,100,100
29007,100,100
29008,100,100
29009,100,100
29010,100,100
29011,100,100
29012,100,100
29013,100,100
29014,100,100
29015,100,100
29016,100,100
29017,100,100
29018,100,100
29019,100,100
29020,100,100
29021,100,100
29022,100,100
29023,100,100
29024,100,100
29025,100,100
29026,100,100
29027,100,100
29028,100,100
29029,100,100
29030,100,100
29031,100,100
29032,100,100
29033,100,100
29034,100,100
29035,100,100
29036,100,100
29037,100,100
29038,100,100
29039,100,100
29040,100,100
29041,100,100
29042,100,100
29043,100,100
29044,100,100
29045,100,100
29046,100,100
29047,100,100
29048,100,100
29049,100,100
29050,100,100
29051,100,100
29052,100,100
29053,100,100
29054,100,100
29055,100,100
29056,100,100
29057,100,100
29058,100,100
29059,100,100
29060,100,100
29061,100,100
29062,100,100
29063,100,100
29064,100,100
29065,100,100
29066,100,100
29067,100,100
29068,100,100
29069,100,100
29070,100,100
29071,100,100
29072,100,100
29073,100,100
29074,100,100
29075,100,100
29076,100,100
29077,100,100
29078,100,100
29079,100,100
29080,100,100
29081,100,100
29082,100,100
29083,100,100
29084,100,100
29085,100,100
29086,100,100
29087,100,100
29088,100,100
29089,100,100
29090,100,100
29091,100,100
29092,100,100
29093,100,100
29094,100,100
29095,100,100
29096,100,100
29097,100,100
29098,100,100
29099,100,100
29100,100,100
29101,100,100
29102,100,100
29103,100,100
29104,100,100
29105,100,100
29106,100,100
29107,100,100
29108,100,100
29109,100,100
29110,100,100
29111,100,100
29112,100,100
29113,100,100
29114,100,100
29115,100,100
29116,100,100
29117,100,100
29118,100,100
29119,100,100
29120,100,100
29121,100,100
29122,100,100
29123,100,100
29124,100,100
29125,100,100
29126,100,100
29127,100,100
29128,100,100
29129,100,100
29130,100,100
29131,100,100
29132,100,100
29133,100,100
29134,100,100
29135,100,100
29136,100,100
29137,100,100
29138,100,100
29139,100,100
29140,100,100
29141,100,100
29142,100,100
29143,100,100
29144,100,100
29145,100,100
29146,100,100
29147,100,100
29148,100,100
29149,100,100
29150,100,100
29151,100,100
29152,100,100
29153,100,100
29154,100,100
29155,100,100
29156,100,100
29157,100,100
29158,100,100
29159,100,100
29160,100,100
29161,100,100
29162,100,100
29163,100,100
29164,100,100
29165,100,100
29166,100,100
29167,100,100
29168,100,100
29169,100,100
29170,100,100
29171,100,100
29172,100,100
29173,100,100
29174,100,100
29175,100,100
29176,100,100
29177,100,100
29178,100,100
29179,100,100
29180,100,100
29181,100,100
29182,100,100
29183,100,100
29184,100,100
29185,100,100
29186,100,100
29187,100,100
29188,100,100
29189,100,100
29190,100,100
29191,100,100
29192,100,100
29193,100,100
29194,100,100
29195,100,100
29196,100,100
29197,100,100
29198,100,100
29199,100,100
29200,100,100
29201,100,100
29202,100,100
29203,100,100
29204,100,100
29205,100,100
29206,100,100
29207,100,100
29208,100,100
29209,100,100
29210,100,100
29211,100,100
29212,100,100
29213,100,100
29214,100,100
29215,100,100
29216,100,100
29217,100,100
29218,100,100
29219,100,100
29220,100,100
29221,100,100
29222,100,100
29223,100,100
29224,100,100
29225,100,100
29226,100,100
29227,100,100
29228,100,100
29229,100,100
29230,100,100
29231,100,100
29232,100,100
29233,100,100
29234,100,100
29235,100,100
29236,100,100
29237,100,100
29238,100,100
29239,100,100
29240,100,100
29241,100,100
29242,100,100
29243,100,100
29244,100,100
29245,100,100
29246,100,100
29247,100,100
29248,100,100
29249,100,100
29250,100,100
29251,100,100
29252,100,100
29253,100,100
29254,100,100
29255,100,100
29256,100,100
29257,100,100
29258,100,100
29259,100,100
29260,100,100
29261,100,100
29262,100,100
29263,100,100
29264,100,100
29265,100,100
29266,100,100
29267,100,100
29268,100,100
29269,100,100
29270,100,100
29271,100,100
29272,100,100
29273,100,100
29274,100,100
29275,100,100
29276,100,100
29277,100,100
29278,100,100
29279,100,100
29280,100,100
29281,100,100
29282,100,100
29283,100,100
29284,100,100
29285,100,100
29286,100,100
29287,100,100
29288,100,100
29289,100,100
29290,100,100
29291,100,100
29292,100,100
29293,100,100
29294,100,100
29295,100,100
29296,100,100
29297,100,100
29298,100,100
29299,100,100
29300,100,100
29301,100,100
29302,100,100
29303,100,100
29304,100,100
29305,100,100
29306,100,100
29307,100,100
29308,100,100
29309,100,100
29310,100,100
29311,100,100
29312,100,100
29313,100,100
29314,100,100
29315,100,100
29316,100,100
29317,100,100
29318,100,100
29319,100,100
29320,100,100
29321,100,100
29322,100,100
29323,100,100
29324,100,100
29325,100,100
29326,100,100
29327,100,100
29328,100,100
29329,100,100
29330,100,100
29331,100,100
29332,100,100
29333,100,100
29334,100,100
29335,100,100
29336,100,100
29337,100,100
29338,100,100
29339,100,100
29340,100,100
29341,100,100
29342,100,100
29343,100,100
29344,100,100
29345,100,100
29346,100,100
29347,100,100
29348,100,100
29349,100,100
29350,100,100
29351,100,100
29352,100,100
29353,100,100
29354,100,100
29355,100,100
29356,100,100
29357,100,100
29358,100,100
29359,100,100
29360,100,100
29361,100,100
29362,100,100
29363,100,100
29364,100,100
29365,100,100
29366,100,100
29367,100,100
29368,100,100
29369,100,100
29370,100,100
29371,100,100
29372,100,100
29373,100,100
29374,100,100
29375,100,100
29376,100,100
29377,100,100
29378,100,100
29379,100,100
29380,100,100
29381,100,100
29382,100,100
29383,100,100
29384,100,100
29385,100,100
29386,100,100
29387,100,100
29388,100,100
29389,100,100
29390,100,100
29391,100,100
29392,100,100
29393,100,100
29394,100,100
29395,100,100
29396,100,100
29397,100,100
29398,100,100
29399,100,100
29400,101,99
29401,101,99
29402,101,99
29403,101,99
29404,101,99
29405,101,99
29406,101,99
29407,101,99
29408,101,99
29409,101,99
29410,101,99
29411,101,99
29412,101,99
29413,101,99
29414,101,99
29415,101,99
29416,101,99
29417,101,99
29418,101,99
29419,101,99
29420,101,99
29421,101,99
29422,101,99
29423,101,99
29424,101,99
29425,101,99
29426,101,99
29427,101,99
29428,101,99
29429,101,99
29430,101,99
29431,101,99
29432,101,99
29433,101,99
29434,101,99
29435,101,99
29436,101,99
29437,101,99
29438,101,99
29439,101,99
29440,101,99
29441,101,99
29442,101,99
29443,101,99
29444,101,99
29445,101,99
29446,101,99
29447,101,99
29448,101,99
29449,101,99
29450,101,99
29451,101,99
29452,101,99
29453,101,99
29454,101,99
29455,101,99
29456,101,99
29457,101,99
29458,101,99
29459,101,99
29460,101,99
29461,101,99
29462,101,99
29463,101,99
29464,101,99
29465,101,99
29466,101,99
29467,101,99
29468,101,99
29469,101,99
29470,101,99
29471,101,99
29472,101,99
29473,101,99
29474,101,99
29475,101,99
29476,101,99
29477,101,99
29478,101,99
29479,101,99
29480,101,99
29481,101,99
29482,101,99
29483,101,99
29484,101,99
29485,101,99
29486,101,99
29487,101,99
29488,101,99
29489,101,99
29490,101,99
29491,101,99
29492,101,99
29493,101,99
29494,101,99
29495,101,99
29496,101,99
29497,101,99
29498,101,99
29499,101,99
29500,101,99
29501,101,99
29502,101,99
29503,101,99
29504,101,99
29505,101,99
29506,101,99
29507,101,99
29508,101,99
29509,101,99
29510,101,99
29511,101,99
29512,101,99
29513,101,99
29514,101,99
29515,101,99
29516,101,99
29517,101,99
29518,101,99
29519,101,99
29520,101,99
29521,101,99
29522,101,99
29523,101,99
29524,101,99
29525,101,99
29526,101,99
29527,101,99
29528,101,99
29529,101,99
29530,101,99
29531,101,99
29532,101,99
29533,101,99
29534,101,99
29535,101,99
29536,101,99
29537,101,99
29538,101,99
29539,101,99
29540,101,99
29541,101,99
29542,101,99
29543,101,99
29544,101,99
29545,101,99
29546,101,99
29547,101,99
29548,101,99
29549,101,99
29550,101,99
29551,101,99
29552,101,99
29553,101,99
29554,101,99
29555,101,99
29556,101,99
29557,101,99
29558,101,99
29559,101,99
29560,101,99
29561,101,99
29562,101,99
29563,101,99
29564,101,99
29565,101,99
29566,101,99
29567,101,99
29568,101,99
29569,101,99
29570,101,99
29571,101,99
29572,101,99
29573,101,99
29574,101,99
29575,101,99
29576,101,99
29577,101,99
29578,101,99
29579,101,99
29580,101,99
29581,101,99
29582,101,99
29583,101,99
29584,101,99
29585,101,99
29586,101,99
29587,101,99
29588,101,99
29589,101,99
29590,101,99
29591,101,99
29592,101,99
29593,101,99
29594,101,99
29595,101,99
29596,101,99
29597,101,99
29598,101,99
29599,101,99
29600,101,99
29601,101,99
29602,101,99
29603,101,99
29604,101,99
29605,101,99
29606,101,99
29607,101,99
29608,101,99
29609,101,99
29610,101,99
29611,101,99
29612,101,99
29613,101,99
29614,101,99
29615,101,99
29616,101,99
29617,101,99
29618,101,99
29619,101,99
29620,101,99
29621,101,99
29622,101,99
29623,101,99
29624,101,99
29625,101,99
29626,101,99
29627,101,99
29628,101,99
29629,101,99
29630,101,99
29631,101,99
29632,101,99
29633,101,99
29634,101,99
29635,101,99
29636,101,99
29637,101,99
29638,101,99
29639,101,99
29640,101,99
29641,101,99
29642,101,99
29643,101,99
29644,101,99
29645,101,99
29646,101,99
29647,101,99
29648,101,99
29649,101,99
29650,101,99
29651,101,99
29652,101,99
29653,101,99
29654,101,99
29655,101,99
29656,101,99
29657,101,99
29658,101,99
29659,101,99
29660,101,99
29661,101,99
29662,101,99
29663,101,99
29664,101,99
29665,101,99
29666,101,99
29667,101,99
29668,101,99
29669,101,99
29670,101,99
29671,101,99
29672,101,99
29673,101,99
29674,101,99
29675,101,99
29676,101,99
29677,101,99
29678,101,99
29679,101,99
29680,101,99
29681,101,99
29682,101,99
29683,101,99
29684,101,99
29685,101,99
29686,101,99
29687,101,99
29688,101,99
29689,101,99
29690,101,99
29691,101,99
29692,101,99
29693,101,99
29694,101,99
29695,101,99
29696,101,99
29697,101,99
29698,101,99
29699,101,99
29700,101,99
29701,101,99
29702,101,99
29703,101,99
29704,101,99
29705,101,99
29706,101,99
29707,101,99
29708,101,99
29709,101,99
29710,101,99
29711,101,99
29712,101,99
29713,101,99
29714,101,99
29715,101,99
29716,101,99
29717,101,99
29718,101,99
29719,101,99
29720,101,99
29721,101,99
29722,101,99
29723,101,99
29724,101,99
29725,101,99
29726,101,99
29727,101,99
29728,101,99
29729,101,99
29730,101,99
29731,101,99
29732,101,99
29733,101,99
29734,101,99
29735,101,99
29736,101,99
29737,101,99
29738,101,99
29739,101,99
29740,101,99
29741,101,99
29742,101,99
29743,101,99
29744,101,99
29745,101,99
29746,101,99
29747,101,99
29748,101,99
29749,101,99
29750,101,99
29751,101,99
29752,101,99
29753,101,99
29754,101,99
29755,101,99
29756,101,99
29757,101,99
29758,101,99
29759,101,99
29760,101,99
29761,101,99
29762,101,99
29763,101,99
29764,101,99
29765,101,99
29766,101,99
29767,101,99
29768,101,99
29769,101,99
29770,101,99
29771,101,99
29772,101,99
29773,101,99
29774,101,99
29775,101,99
29776,101,99
29777,101,99
29778,101,99
29779,101,99
29780,101,99
29781,101,99
29782,101,99
29783,101,99
29784,101,99
29785,101,99
29786,101,99
29787,101,99
29788,101,99
29789,101,99
29790,101,99
29791,101,99
29792,101,99
29793,101,99
29794,101,99
29795,101,99
29796,101,99
29797,101,99
29798,101,99
29799,101,99
29800,100,100
29801,100,100
29802,100,100
29803,100,100
29804,100,100
29805,100,100
29806,100,100
29807,100,100
29808,100,100
29809,100,100
29810,100,100
29811,100,100
29812,100,100
29813,100,100
29814,100,100
29815,100,100
29816,100,100
29817,100,100
29818,100,100
29819,100,100
29820,100,100
29821,100,100
29822,100,100
29823,100,100
29824,100,100
29825,100,100
29826,100,100
29827,100,100
29828,100,100
29829,100,100
29830,100,100
29831,100,100
29832,100,100
29833,100,100
29834,100,100
29835,100,100
29836,100,100
29837,100,100
29838,100,100
29839,100,100
29840,100,100
29841,100,100
29842,100,100
29843,100,100
29844,100,100
29845,100,100
29846,100,100
29847,100,100
29848,100,100
29849,100,100
29850,100,100
29851,100,100
29852,100,100
29853,100,100
29854,100,100
29855,100,100
29856,100,100
29857,100,100
29858,100,100
29859,100,100
29860,100,100
29861,100,100
29862,100,100
29863,100,100
29864,100,100
29865,100,100
29866,100,100
29867,100,100
29868,100,100
29869,100,100
29870,100,100
29871,100,100
29872,100,100
29873,100,100
29874,100,100
29875,100,100
29876,100,100
29877,100,100
29878,100,100
29879,100,100
29880,100,100
29881,100,100
29882,100,100
29883,100,100
29884,100,100
29885,100,100
29886,100,100
29887,100,100
29888,100,100
29889,100,100
29890,100,100
29891,100,100
29892,100,100
29893,100,100
29894,100,100
29895,100,100
29896,100,100
29897,100,100
29898,100,100
29899,100,100
29900,100,100
29901,100,100
29902,100,100
29903,100,100
29904,100,100
29905,100,100
29906,100,100
29907,100,100
29908,100,100
29909,100,100
29910,100,100
29911,100,100
29912,100,100
29913,100,100
29914,100,100
29915,100,100
29916,100,100
29917,100,100
29918,100,100
29919,100,100
29920,100,100
29921,100,100
29922,100,100
29923,100,100
29924,100,100
29925,100,100
29926,100,100
29927,100,100
29928,100,100
29929,100,100
29930,100,100
29931,100,100
29932,100,100
29933,100,100
29934,100,100
29935,100,100
29936,100,100
29937,100,100
29938,100,100
29939,100,100
29940,100,100
29941,100,100
29942,100,100
29943,100,100
29944,100,100
29945,100,100
29946,100,100
29947,100,100
29948,100,100
29949,100,100
29950,100,100
29951,100,100
29952,100,100
29953,100,100
29954,100,100
29955,100,100
29956,100,100
29957,100,100
29958,100,100
29959,100,100
29960,100,100
29961,100,100
29962,100,100
29963,100,100
29964,100,100
29965,100,100
29966,100,100
29967,100,100
29968,100,100
29969,100,100
29970,100,100
29971,100,100
29972,100,100
29973,100,100
29974,100,100
29975,100,100
29976,100,100
29977,100,100
29978,100,100
29979,100,100
29980,100,100
29981,100,100
29982,100,100
29983,100,100
29984,100,100
29985,100,100
29986,100,100
29987,100,100
29988,100,100
29989,100,100
29990,100,100
29991,100,100
29992,100,100
29993,100,100
29994,100,100
29995,100,100
29996,100,100
29997,100,100
29998,100,100
29999,100,100
30000,99,101
30001,99,101
30002,99,101
30003,99,101
30004,99,101
30005,99,101
30006,99,101
30007,99,101
30008,99,101
30009,99,101
30010,99,101
30011,99,101
30012,99,101
30013,99,101
30014,99,101
30015,99,101
30016,99,101
30017,99,101
30018,99,101
30019,99,101
30020,99,101
30021,99,101
30022,99,101
30023,99,101
30024,99,101
30025,99,101
30026,99,101
30027,99,101
30028,99,101
30029,99,101
30030,99,101
30031,99,101
30032,99,101
30033,99,101
30034,99,101
30035,99,101
30036,99,101
30037,99,101
30038,99,101
30039,99,101
30040,99,101
30041,99,101
30042,99,101
30043,99,101
30044,99,101
30045,99,101
30046,99,101
30047,99,101
30048,99,101
30049,99,101
30050,99,101
30051,99,101
30052,99,101
30053,99,101
30054,99,101
30055,99,101
30056,99,101
30057,99,101
30058,99,101
30059,99,101
30060,99,101
30061,99,101
30062,99,101
30063,99,101
30064,99,101
30065,99,101
30066,99,101
30067,99,101
30068,99,101
30069,99,101
30070,99,101
30071,99,101
30072,99,101
30073,99,101
30074,99,101
30075,99,101
30076,99,101
30077,99,101
30078,99,101
30079,99,101
30080,99,101
30081,99,101
30082,99,101
30083,99,101
30084,99,101
30085,99,101
30086,99,101
30087,99,101
30088,99,101
30089,99,101
30090,99,101
30091,99,101
30092,99,101
30093,99,101
30094,99,101
30095,99,101
30096,99,101
30097,99,101
30098,99,101
30099,99,101
30100,100,100
30101,100,100
30102,100,100
30103,100,100
30104,100,100
30105,100,100
30106,100,100
30107,100,100
30108,100,100
30109,100,100
30110,100,100
30111,100,100
30112,100,100
30113,100,100
30114,100,100
30115,100,100
30116,100,100
30117,100,100
30118,100,100
30119,100,100
30120,100,100
30121,100,100
30122,100,100
30123,100,100
30124,100,100
30125,100,100
30126,100,100
30127,100,100
30128,100,100
30129,100,100
30130,100,100
30131,100,100
30132,100,100
30133,100,100
30134,100,100
30135,100,100
30136,100,100
30137,100,100
30138,100,100
30139,100,100
30140,100,100
30141,100,100
30142,100,100
30143,100,100
30144,100,100
30145,100,100
30146,100,100
30147,100,100
30148,100,100
30149,100,100
30150,100,100
30151,100,100
30152,100,100
30153,100,100
30154,100,100
30155,100,100
30156,100,100
30157,100,100
30158,100,100
30159,100,100
30160,100,100
30161,100,100
30162,100,100
30163,100,100
30164,100,100
30165,100,100
30166,100,100
30167,100,100
30168,100,100
30169,100,100
30170,100,100
30171,100,100
30172,100,100
30173,100,100
30174,100,100
30175,100,100
30176,100,100
30177,100,100
30178,100,100
30179,100,100
30180,100,100
30181,100,100
30182,100,100
30183,100,100
30184,100,100
30185,100,100
30186,100,100
30187,100,100
30188,100,100
30189,100,100
30190,100,100
30191,100,100
30192,100,100
30193,100,100
30194,100,100
30195,100,100
30196,100,100
30197,100,100
30198,100,100
30199,100,100
30200,100,100
30201,100,100
30202,100,100
30203,100,100
30204,100,100
30205,100,100
30206,100,100
30207,100,100
30208,100,100
30209,100,100
30210,100,100
30211,100,100
30212,100,100
30213,100,100
30214,100,100
30215,100,100
30216,100,100
30217,100,100
30218,100,100
30219,100,100
30220,100,100
30221,100,100
30222,100,100
30223,100,100
30224,100,100
30225,100,100
30226,100,100
30227,100,100
30228,100,100
30229,100,100
30230,100,100
30231,100,100
30232,100,100
30233,100,100
30234,100,100
30235,100,100
30236,100,100
30237,100,100
30238,100,100
30239,100,100
30240,100,100
30241,100,100
30242,100,100
30243,100,100
30244,100,100
30245,100,100
30246,100,100
30247,100,100
30248,100,100
30249,100,100
30250,100,100
30251,100,100
30252,100,100
30253,100,100
30254,100,100
30255,100,100
30256,100,100
30257,100,100
30258,100,100
30259,100,100
30260,100,100
30261,100,100
30262,100,100
30263,100,100
30264,100,100
30265,100,100
30266,100,100
30267,100,100
30268,100,100
30269,100,100
30270,100,100
30271,100,100
30272,100,100
30273,100,100
30274,100,100
30275,100,100
30276,100,100
30277,100,100
30278,100,100
30279,100,100
30280,100,100
30281,100,100
30282,100,100
30283,100,100
30284,100,100
30285,100,100
30286,100,100
30287,100,100
30288,100,100
30289,100,100
30290,100,100
30291,100,100
30292,100,100
30293,100,100
30294,100,100
30295,100,100
30296,100,100
30297,100,100
30298,100,100
30299,100,100
30300,99,101
30301,99,101
30302,99,101
30303,99,101
30304,99,101
30305,99,101
30306,99,101
30307,99,101
30308,99,101
30309,99,101
30310,99,101
30311,99,101
30312,99,101
30313,99,101
30314,99,101
30315,99,101
30316,99,101
30317,99,101
30318,99,101
30319,99,101
30320,99,101
30321,99,101
30322,99,101
30323,99,101
30324,99,101
30325,99,101
30326,99,101
30327,99,101
30328,99,101
30329,99,101
30330,99,101
30331,99,101
30332,99,101
30333,99,101
30334,99,101
30335,99,101
30336,99,101
30337,99,101
30338,99,101
30339,99,101
30340,99,101
30341,99,101
30342,99,101
30343,99,101
30344,99,101
30345,99,101
30346,99,101
30347,99,101
30348,99,101
30349,99,101
30350,99,101
30351,99,101
30352,99,101
30353,99,101
30354,99,101
30355,99,101
30356,99,101
30357,99,101
30358,99,101
30359,99,101
30360,99,101
30361,99,101
30362,99,101
30363,99,101
30364,99,101
30365,99,101
30366,99,101
30367,99,101
30368,99,101
30369,99,101
30370,99,101
30371,99,101
30372,99,101
30373,99,101
30374,99,101
30375,99,101
30376,99,101
30377,99,101
30378,99,101
30379,99,101
30380,99,101
30381,99,101
30382,99,101
30383,99,101
30384,99,101
30385,99,101
30386,99,101
30387,99,101
30388,99,101
30389,99,101
30390,99,101
30391,99,101
30392,99,101
30393,99,101
30394,99,101
30395,99,101
30396,99,101
30397,99,101
30398,99,101
30399,99,101
30400,99,101
30401,99,101
30402,99,101
30403,99,101
30404,99,101
30405,99,101
30406,99,101
30407,99,101
30408,99,101
30409,99,101
30410,99,101
30411,99,101
30412,99,101
30413,99,101
30414,99,101
30415,99,101
30416,99,101
30417,99,101
30418,99,101
30419,99,101
30420,99,101
30421,99,101
30422,99,101
30423,99,101
30424,99,101
30425,99,101
30426,99,101
30427,99,101
30428,99,101
30429,99,101
30430,99,101
30431,99,101
30432,99,101
30433,99,101
30434,99,101
30435,99,101
30436,99,101
30437,99,101
30438,99,101
30439,99,101
30440,99,101
30441,99,101
30442,99,101
30443,99,101
30444,99,101
30445,99,101
30446,99,101
30447,99,101
30448,99,101
30449,99,101
30450,99,101
30451,99,101
30452,99,101
30453,99,101
30454,99,101
30455,99,101
30456,99,101
30457,99,101
30458,99,101
30459,99,101
30460,99,101
30461,99,101
30462,99,101
30463,99,101
30464,99,101
30465,99,101
30466,99,101
30467,99,101
30468,99,101
30469,99,101
30470,99,101
30471,99,101
30472,99,101
30473,99,101
30474,99,101
30475,99,101
30476,99,101
30477,99,101
30478,99,101
30479,99,101
30480,99,101
30481,99,101
30482,99,101
30483,99,101
30484,99,101
30485,99,101
30486,99,101
30487,99,101
30488,99,101
30489,99,101
30490,99,101
30491,99,101
30492,99,101
30493,99,101
30494,99,101
30495,99,101
30496,99,101
30497,99,101
30498,99,101
30499,99,101
30500,99,101
30501,99,101
30502,99,101
30503,99,101
30504,99,101
30505,99,101
30506,99,101
30507,99,101
30508,99,101
30509,99,101
30510,99,101
30511,99,101
30512,99,101
30513,99,101
30514,99,101
30515,99,101
30516,99,101
30517,99,101
30518,99,101
30519,99,101
30520,99,101
30521,99,101
30522,99,101
30523,99,101
30524,99,101
30525,99,101
30526,99,101
30527,99,101
30528,99,101
30529,99,101
30530,99,101
30531,99,101
30532,99,101
30533,99,101
30534,99,101
30535,99,101
30536,99,101
30537,99,101
30538,99,101
30539,99,101
30540,99,101
30541,99,101
30542,99,101
30543,99,101
30544,99,101
30545,99,101
30546,99,101
30547,99,101
30548,99,101
30549,99,101
30550,99,101
30551,99,101
30552,99,101
30553,99,101
30554,99,101
30555,99,101
30556,99,101
30557,99,101
30558,99,101
30559,99,101
30560,99,101
30561,99,101
30562,99,101
30563,99,101
30564,99,101
30565,99,101
30566,99,101
30567,99,101
30568,99,101
30569,99,101
30570,99,101
30571,99,101
30572,99,101
30573,99,101
30574,99,101
30575,99,101
30576,99,101
30577,99,101
30578,99,101
30579,99,101
30580,99,101
30581,99,101
30582,99,101
30583,99,101
30584,99,101
30585,99,101
30586,99,101
30587,99,101
30588,99,101
30589,99,101
30590,99,101
30591,99,101
30592,99,101
30593,99,101
30594,99,101
30595,99,101
30596,99,101
30597,99,101
30598,99,101
30599,99,101
30600,99,101
30601,99,101
30602,99,101
30603,99,101
30604,99,101
30605,99,101
30606,99,101
30607,99,101
30608,99,101
30609,99,101
30610,99,101
30611,99,101
30612,99,101
30613,99,101
30614,99,101
30615,99,101
30616,99,101
30617,99,101
30618,99,101
30619,99,101
30620,99,101
30621,99,101
30622,99,101
30623,99,101
30624,99,101
30625,99,101
30626,99,101
30627,99,101
30628,99,101
30629,99,101
30630,99,101
30631,99,101
30632,99,101
30633,99,101
30634,99,101
30635,99,101
30636,99,101
30637,99,101
30638,99,101
30639,99,101
30640,99,101
30641,99,101
30642,99,101
30643,99,101
30644,99,101
30645,99,101
30646,99,101
30647,99,101
30648,99,101
30649,99,101
30650,99,101
30651,99,101
30652,99,101
30653,99,101
30654,99,101
30655,99,101
30656,99,101
30657,99,101
30658,99,101
30659,99,101
30660,99,101
30661,99,101
30662,99,101
30663,99,101
30664,99,101
30665,99,101
30666,99,101
30667,99,101
30668,99,101
30669,99,101
30670,99,101
30671,99,101
30672,99,101
30673,99,101
30674,99,101
30675,99,101
30676,99,101
30677,99,101
30678,99,101
30679,99,101
30680,99,101
30681,99,101
30682,99,101
30683,99,101
30684,99,101
30685,99,101
30686,99,101
30687,99,101
30688,99,101
30689,99,101
30690,99,101
30691,99,101
30692,99,101
30693,99,101
30694,99,101
30695,99,101
30696,99,101
30697,99,101
30698,99,101
30699,99,101
30700,99,101
30701,99,101
30702,99,101
30703,99,101
30704,99,101
30705,99,101
30706,99,101
30707,99,101
30708,99,101
30709,99,101
30710,99,101
30711,99,101
30712,99,101
30713,99,101
30714,99,101
30715,99,101
30716,99,101
30717,99,101
30718,99,101
30719,99,101
30720,99,101
30721,99,101
30722,99,101
30723,99,101
30724,99,101
30725,99,101
30726,99,101
30727,99,101
30728,99,101
30729,99,101
30730,99,101
30731,99,101
30732,99,101
30733,99,101
30734,99,101
30735,99,101
30736,99,101
30737,99,101
30738,99,101
30739,99,101
30740,99,101
30741,99,101
30742,99,101
30743,99,101
30744,99,101
30745,99,101
30746,99,101
30747,99,101
30748,99,101
30749,99,101
30750,99,101
30751,99,101
30752,99,101
30753,99,101
30754,99,101
30755,99,101
30756,99,101
30757,99,101
30758,99,101
30759,99,101
30760,99,101
30761,99,101
30762,99,101
30763,99,101
30764,99,101
30765,99,101
30766,99,101
30767,99,101
30768,99,101
30769,99,101
30770,99,101
30771,99,101
30772,99,101
30773,99,101
30774,99,101
30775,99,101
30776,99,101
30777,99,101
30778,99,101
30779,99,101
30780,99,101
30781,99,101
30782,99,101
30783,99,101
30784,99,101
30785,99,101
30786,99,101
30787,99,101
30788,99,101
30789,99,101
30790,99,101
30791,99,101
30792,99,101
30793,99,101
30794,99,101
30795,99,101
30796,99,101
30797,99,101
30798,99,101
30799,99,101
30800,99,101
30801,99,101
30802,99,101
30803,99,101
30804,99,101
30805,99,101
30806,99,101
30807,99,101
30808,99,101
30809,99,101
30810,99,101
30811,99,101
30812,99,101
30813,99,101
30814,99,101
30815,99,101
30816,99,101
30817,99,101
30818,99,101
30819,99,101
30820,99,101
30821,99,101
30822,99,101
30823,99,101
30824,99,101
30825,99,101
30826,99,101
30827,99,101
30828,99,101
30829,99,101
30830,99,101
30831,99,101
30832,99,101
30833,99,101
30834,99,101
30835,99,101
30836,99,101
30837,99,101
30838,99,101
30839,99,101
30840,99,101
30841,99,101
30842,99,101
30843,99,101
30844,99,101
30845,99,101
30846,99,101
30847,99,101
30848,99,101
30849,99,101
30850,99,101
30851,99,101
30852,99,101
30853,99,101
30854,99,101
30855,99,101
30856,99,101
30857,99,101
30858,99,101
30859,99,101
30860,99,101
30861,99,101
30862,99,101
30863,99,101
30864,99,101
30865,99,101
30866,99,101
30867,99,101
30868,99,101
30869,99,101
30870,99,101
30871,99,101
30872,99,101
30873,99,101
30874,99,101
30875,99,101
30876,99,101
30877,99,101
30878,99,101
30879,99,101
30880,99,101
30881,99,101
30882,99,101
30883,99,101
30884,99,101
30885,99,101
30886,99,101
30887,99,101
30888,99,101
30889,99,101
30890,99,101
30891,99,101
30892,99,101
30893,99,101
30894,99,101
30895,99,101
30896,99,101
30897,99,101
30898,99,101
30899,99,101
30900,100,100
30901,100,100
30902,100,100
30903,100,100
30904,100,100
30905,100,100
30906,100,100
30907,100,100
30908,100,100
30909,100,100
30910,100,100
30911,100,100
30912,100,100
30913,100,100
30914,100,100
30915,100,100
30916,100,100
30917,100,100
30918,100,100
30919,100,100
30920,100,100
30921,100,100
30922,100,100
30923,100,100
30924,100,100
30925,100,100
30926,100,100
30927,100,100
30928,100,100
30929,100,100
30930,100,100
30931,100,100
30932,100,100
30933,100,100
30934,100,100
30935,100,100
30936,100,100
30937,100,100
30938,100,100
30939,100,100
30940,100,100
30941,100,100
30942,100,100
30943,100,100
30944,100,100
30945,100,100
30946,100,100
30947,100,100
30948,100,100
30949,100,100
30950,100,100
30951,100,100
30952,100,100
30953,100,100
30954,100,100
30955,100,100
30956,100,100
30957,100,100
30958,100,100
30959,100,100
30960,100,100
30961,100,100
30962,100,100
30963,100,100
30964,100,100
30965,100,100
30966,100,100
30967,100,100
30968,100,100
30969,100,100
30970,100,100
30971,100,100
30972,100,100
30973,100,100
30974,100,100
30975,100,100
30976,100,100
30977,100,100
30978,100,100
30979,100,100
30980,100,100
30981,100,100
30982,100,100
30983,100,100
30984,100,100
30985,100,100
30986,100,100
30987,100,100
30988,100,100
30989,100,100
30990,100,100
30991,100,100
30992,100,100
30993,100,100
30994,100,100
30995,100,100
30996,100,100
30997,100,100
30998,100,100
30999,100,100
31000,99,101
31001,99,101
31002,99,101
31003,99,101
31004,99,101
31005,99,101
31006,99,101
31007,99,101
31008,99,101
31009,99,101
31010,99,101
31011,99,101
31012,99,101
31013,99,101
31014,99,101
31015,99,101
31016,99,101
31017,99,101
31018,99,101
31019,99,101
31020,99,101
31021,99,101
31022,99,101
31023,99,101
31024,99,101
31025,99,101
31026,99,101
31027,99,101
31028,99,101
31029,99,101
31030,99,101
31031,99,101
31032,99,101
31033,99,101
31034,99,101
31035,99,101
31036,99,101
31037,99,101
31038,99,101
31039,99,101
31040,99,101
31041,99,101
31042,99,101
31043,99,101
31044,99,101
31045,99,101
31046,99,101
31047,99,101
31048,99,101
31049,99,101
31050,99,101
31051,99,101
31052,99,101
31053,99,101
31054,99,101
31055,99,101
31056,99,101
31057,99,101
31058,99,101
31059,99,101
31060,99,101
31061,99,101
31062,99,101
31063,99,101
31064,99,101
31065,99,101
31066,99,101
31067,99,101
31068,99,101
31069,99,101
31070,99,101
31071,99,101
31072,99,101
31073,99,101
31074,99,101
31075,99,101
31076,99,101
31077,99,101
31078,99,101
31079,99,101
31080,99,101
31081,99,101
31082,99,101
31083,99,101
31084,99,101
31085,99,101
31086,99,101
31087,99,101
31088,99,101
31089,99,101
31090,99,101
31091,99,101
31092,99,101
31093,99,101
31094,99,101
31095,99,101
31096,99,101
31097,99,101
31098,99,101
31099,99,101
31100,99,101
31101,99,101
31102,99,101
31103,99,101
31104,99,101
31105,99,101
31106,99,101
31107,99,101
31108,99,101
31109,99,101
31110,99,101
31111,99,101
31112,99,101
31113,99,101
31114,99,101
31115,99,101
31116,99,101
31117,99,101
31118,99,101
31119,99,101
31120,99,101
31121,99,101
31122,99,101
31123,99,101
31124,99,101
31125,99,101
31126,99,101
31127,99,101
31128,99,101
31129,99,101
31130,99,101
31131,99,101
31132,99,101
31133,99,101
31134,99,101
31135,99,101
31136,99,101
31137,99,101
31138,99,101
31139,99,101
31140,99,101
31141,99,101
31142,99,101
31143,99,101
31144,99,101
31145,99,101
31146,99,101
31147,99,101
31148,99,101
31149,99,101
31150,99,101
31151,99,101
31152,99,101
31153,99,101
31154,99,101
31155,99,101
31156,99,101
31157,99,101
31158,99,101
31159,99,101
31160,99,101
31161,99,101
31162,99,101
31163,99,101
31164,99,101
31165,99,101
31166,99,101
31167,99,101
31168,99,101
31169,99,101
31170,99,101
31171,99,101
31172,99,101
31173,99,101
31174,99,101
31175,99,101
31176,99,101
31177,99,101
31178,99,101
31179,99,101
31180,99,101
31181,99,101
31182,99,101
31183,99,101
31184,99,101
31185,99,101
31186,99,101
31187,99,101
31188,99,101
31189,99,101
31190,99,101
31191,99,101
31192,99,101
31193,99,101
31194,99,101
31195,99,101
31196,99,101
31197,99,101
31198,99,101
31199,99,101
31200,99,101
31201,99,101
31202,99,101
31203,99,101
31204,99,101
31205,99,101
31206,99,101
31207,99,101
31208,99,101
31209,99,101
31210,99,101
31211,99,101
31212,99,101
31213,99,101
31214,99,101
31215,99,101
31216,99,101
31217,99,101
31218,99,101
31219,99,101
31220,99,101
31221,99,101
31222,99,101
31223,99,101
31224,99,101
31225,99,101
31226,99,101
31227,99,101
31228,99,101
31229,99,101
31230,99,101
31231,99,101
31232,99,101
31233,99,101
31234,99,101
31235,99,101
31236,99,101
31237,99,101
31238,99,101
31239,99,101
31240,99,101
31241,99,101
31242,99,101
31243,99,101
31244,99,101
31245,99,101
31246,99,101
31247,99,101
31248,99,101
31249,99,101
31250,99,101
31251,99,101
31252,99,101
31253,99,101
31254,99,101
31255,99,101
31256,99,101
31257,99,101
31258,99,101
31259,99,101
31260,99,101
31261,99,101
31262,99,101
31263,99,101
31264,99,101
31265,99,101
31266,99,101
31267,99,101
31268,99,101
31269,99,101
31270,99,101
31271,99,101
31272,99,101
31273,99,101
31274,99,101
31275,99,101
31276,99,101
31277,99,101
31278,99,101
31279,99,101
31280,99,101
31281,99,101
31282,99,101
31283,99,101
31284,99,101
31285,99,101
31286,99,101
31287,99,101
31288,99,101
31289,99,101
31290,99,101
31291,99,101
31292,99,101
31293,99,101
31294,99,101
31295,99,101
31296,99,101
31297,99,101
31298,99,101
31299,99,101
31300,99,101
31301,99,101
31302,99,101
31303,99,101
31304,99,101
31305,99,101
31306,99,101
31307,99,101
31308,99,101
31309,99,101
31310,99,101
31311,99,101
31312,99,101
31313,99,101
31314,99,101
31315,99,101
31316,99,101
31317,99,101
31318,99,101
31319,99,101
31320,99,101
31321,99,101
31322,99,101
31323,99,101
31324,99,101
31325,99,101
31326,99,101
31327,99,101
31328,99,101
31329,99,101
31330,99,101
31331,99,101
31332,99,101
31333,99,101
31334,99,101
31335,99,101
31336,99,101
31337,99,101
31338,99,101
31339,99,101
31340,99,101
31341,99,101
31342,99,101
31343,99,101
31344,99,101
31345,99,101
31346,99,101
31347,99,101
31348,99,101
31349,99,101
31350,99,101
31351,99,101
31352,99,101
31353,99,101
31354,99,101
31355,99,101
31356,99,101
31357,99,101
31358,99,101
31359,99,101
31360,99,101
31361,99,101
31362,99,101
31363,99,101
31364,99,101
31365,99,101
31366,99,101
31367,99,101
31368,99,101
31369,99,101
31370,99,101
31371,99,101
31372,99,101
31373,99,101
31374,99,101
31375,99,101
31376,99,101
31377,99,101
31378,99,101
31379,99,101
31380,99,101
31381,99,101
31382,99,101
31383,99,101
31384,99,101
31385,99,101
31386,99,101
31387,99,101
31388,99,101
31389,99,101
31390,99,101
31391,99,101
31392,99,101
31393,99,101
31394,99,101
31395,99,101
31396,99,101
31397,99,101
31398,99,101
31399,99,101
31400,99,101
31401,99,101
31402,99,101
31403,99,101
31404,99,101
31405,99,101
31406,99,101
31407,99,101
31408,99,101
31409,99,101
31410,99,101
31411,99,101
31412,99,101
31413,99,101
31414,99,101
31415,99,101
31416,99,101
31417,99,101
31418,99,101
31419,99,101
31420,99,101
31421,99,101
31422,99,101
31423,99,101
31424,99,101
31425,99,101
31426,99,101
31427,99,101
31428,99,101
31429,99,101
31430,99,101
31431,99,101
31432,99,101
31433,99,101
31434,99,101
31435,99,101
31436,99,101
31437,99,101
31438,99,101
31439,99,101
31440,99,101
31441,99,101
31442,99,101
31443,99,101
31444,99,101
31445,99,101
31446,99,101
31447,99,101
31448,99,101
31449,99,101
31450,99,101
31451,99,101
31452,99,101
31453,99,101
31454,99,101
31455,99,101
31456,99,101
31457,99,101
31458,99,101
31459,99,101
31460,99,101
31461,99,101
31462,99,101
31463,99,101
31464,99,101
31465,99,101
31466,99,101
31467,99,101
31468,99,101
31469,99,101
31470,99,101
31471,99,101
31472,99,101
31473,99,101
31474,99,101
31475,99,101
31476,99,101
31477,99,101
31478,99,101
31479,99,101
31480,99,101
31481,99,101
31482,99,101
31483,99,101
31484,99,101
31485,99,101
31486,99,101
31487,99,101
31488,99,101
31489,99,101
31490,99,101
31491,99,101
31492,99,101
31493,99,101
31494,99,101
31495,99,101
31496,99,101
31497,99,101
31498,99,101
31499,99,101
31500,99,101
31501,99,101
31502,99,101
31503,99,101
31504,99,101
31505,99,101
31506,99,101
31507,99,101
31508,99,101
31509,99,101
31510,99,101
31511,99,101
31512,99,101
31513,99,101
31514,99,101
31515,99,101
31516,99,101
31517,99,101
31518,99,101
31519,99,101
31520,99,101
31521,99,101
31522,99,101
31523,99,101
31524,99,101
31525,99,101
31526,99,101
31527,99,101
31528,99,101
31529,99,101
31530,99,101
31531,99,101
31532,99,101
31533,99,101
31534,99,101
31535,99,101
31536,99,101
31537,99,101
31538,99,101
31539,99,101
31540,99,101
31541,99,101
31542,99,101
31543,99,101
31544,99,101
31545,99,101
31546,99,101
31547,99,101
31548,99,101
31549,99,101
31550,99,101
31551,99,101
31552,99,101
31553,99,101
31554,99,101
31555,99,101
31556,99,101
31557,99,101
31558,99,101
31559,99,101
31560,99,101
31561,99,101
31562,99,101
31563,99,101
31564,99,101
31565,99,101
31566,99,101
31567,99,101
31568,99,101
31569,99,101
31570,99,101
31571,99,101
31572,99,101
31573,99,101
31574,99,101
31575,99,101
31576,99,101
31577,99,101
31578,99,101
31579,99,101
31580,99,101
31581,99,101
31582,99,101
31583,99,101
31584,99,101
31585,99,101
31586,99,101
31587,99,101
31588,99,101
31589,99,101
31590,99,101
31591,99,101
31592,99,101
31593,99,101
31594,99,101
31595,99,101
31596,99,101
31597,99,101
31598,99,101
31599,99,101
31600,99,101
31601,99,101
31602,99,101
31603,99,101
31604,99,101
31605,99,101
31606,99,101
31607,99,101
31608,99,101
31609,99,101
31610,99,101
31611,99,101
31612,99,101
31613,99,101
31614,99,101
31615,99,101
31616,99,101
31617,99,101
31618,99,101
31619,99,101
31620,99,101
31621,99,101
31622,99,101
31623,99,101
31624,99,101
31625,99,101
31626,99,101
31627,99,101
31628,99,101
31629,99,101
31630,99,101
31631,99,101
31632,99,101
31633,99,101
31634,99,101
31635,99,101
31636,99,101
31637,99,101
31638,99,101
31639,99,101
31640,99,101
31641,99,101
31642,99,101
31643,99,101
31644,99,101
31645,99,101
31646,99,101
31647,99,101
31648,99,101
31649,99,101
31650,99,101
31651,99,101
31652,99,101
31653,99,101
31654,99,101
31655,99,101
31656,99,101
31657,99,101
31658,99,101
31659,99,101
31660,99,101
31661,99,101
31662,99,101
31663,99,101
31664,99,101
31665,99,101
31666,99,101
31667,99,101
31668,99,101
31669,99,101
31670,99,101
31671,99,101
31672,99,101
31673,99,101
31674,99,101
31675,99,101
31676,99,101
31677,99,101
31678,99,101
31679,99,101
31680,99,101
31681,99,101
31682,99,101
31683,99,101
31684,99,101
31685,99,101
31686,99,101
31687,99,101
31688,99,101
31689,99,101
31690,99,101
31691,99,101
31692,99,101
31693,99,101
31694,99,101
31695,99,101
31696,99,101
31697,99,101
31698,99,101
31699,99,101
31700,100,100
31701,100,100
31702,100,100
31703,100,100
31704,100,100
31705,100,100
31706,100,100
31707,100,100
31708,100,100
31709,100,100
31710,100,100
31711,100,100
31712,100,100
31713,100,100
31714,100,100
31715,100,100
31716,100,100
31717,100,100
31718,100,100
31719,100,100
31720,100,100
31721,100,100
31722,100,100
31723,100,100
31724,100,100
31725,100,100
31726,100,100
31727,100,100
31728,100,100
31729,100,100
31730,100,100
31731,100,100
31732,100,100
31733,100,100
31734,100,100
31735,100,100
31736,100,100
31737,100,100
31738,100,100
31739,100,100
31740,100,100
31741,100,100
31742,100,100
31743,100,100
31744,100,100
31745,100,100
31746,100,100
31747,100,100
31748,100,100
31749,100,100
31750,100,100
31751,100,100
31752,100,100
31753,100,100
31754,100,100
31755,100,100
31756,100,100
31757,100,100
31758,100,100
31759,100,100
31760,100,100
31761,100,100
31762,100,100
31763,100,100
31764,100,100
31765,100,100
31766,100,100
31767,100,100
31768,100,100
31769,100,100
31770,100,100
31771,100,100
31772,100,100
31773,100,100
31774,100,100
31775,100,100
31776,100,100
31777,100,100
31778,100,100
31779,100,100
31780,100,100
31781,100,100
31782,100,100
31783,100,100
31784,100,100
31785,100,100
31786,100,100
31787,100,100
31788,100,100
31789,100,100
31790,100,100
31791,100,100
31792,100,100
31793,100,100
31794,100,100
31795,100,100
31796,100,100
31797,100,100
31798,100,100
31799,100,100
31800,100,100
31801,100,100
31802,100,100
31803,100,100
31804,100,100
31805,100,100
31806,100,100
31807,100,100
31808,100,100
31809,100,100
31810,100,100
31811,100,100
31812,100,100
31813,100,100
31814,100,100
31815,100,100
31816,100,100
31817,100,100
31818,100,100
31819,100,100
31820,100,100
31821,100,100
31822,100,100
31823,100,100
31824,100,100
31825,100,100
31826,100,100
31827,100,100
31828,100,100
31829,100,100
31830,100,100
31831,100,100
31832,100,100
31833,100,100
31834,100,100
31835,100,100
31836,100,100
31837,100,100
31838,100,100
31839,100,100
31840,100,100
31841,100,100
31842,100,100
31843,100,100
31844,100,100
31845,100,100
31846,100,100
31847,100,100
31848,100,100
31849,100,100
31850,100,100
31851,100,100
31852,100,100
31853,100,100
31854,100,100
31855,100,100
31856,100,100
31857,100,100
31858,100,100
31859,100,100
31860,100,100
31861,100,100
31862,100,100
31863,100,100
31864,100,100
31865,100,100
31866,100,100
31867,100,100
31868,100,100
31869,100,100
31870,100,100
31871,100,100
31872,100,100
31873,100,100
31874,100,100
31875,100,100
31876,100,100
31877,100,100
31878,100,100
31879,100,100
31880,100,100
31881,100,100
31882,100,100
31883,100,100
31884,100,100
31885,100,100
31886,100,100
31887,100,100
31888,100,100
31889,100,100
31890,100,100
31891,100,100
31892,100,100
31893,100,100
31894,100,100
31895,100,100
31896,100,100
31897,100,100
31898,100,100
31899,100,100
31900,100,100
31901,100,100
31902,100,100
31903,100,100
31904,100,100
31905,100,100
31906,100,100
31907,100,100
31908,100,100
31909,100,100
31910,100,100
31911,100,100
31912,100,100
31913,100,100
31914,100,100
31915,100,100
31916,100,100
31917,100,100
31918,100,100
31919,100,100
31920,100,100
31921,100,100
31922,100,100
31923,100,100
31924,100,100
31925,100,100
31926,100,100
31927,100,100
31928,100,100
31929,100,100
31930,100,100
31931,100,100
31932,100,100
31933,100,100
31934,100,100
31935,100,100
31936,100,100
31937,100,100
31938,100,100
31939,100,100
31940,100,100
31941,100,100
31942,100,100
31943,100,100
31944,100,100
31945,100,100
31946,100,100
31947,100,100
31948,100,100
31949,100,100
31950,100,100
31951,100,100
31952,100,100
31953,100,100
31954,100,100
31955,100,100
31956,100,100
31957,100,100
31958,100,100
31959,100,100
31960,100,100
31961,100,100
31962,100,100
31963,100,100
31964,100,100
31965,100,100
31966,100,100
31967,100,100
31968,100,100
31969,100,100
31970,100,100
31971,100,100
31972,100,100
31973,100,100
31974,100,100
31975,100,100
31976,100,100
31977,100,100
31978,100,100
31979,100,100
31980,100,100
31981,100,100
31982,100,100
31983,100,100
31984,100,100
31985,100,100
31986,100,100
31987,100,100
31988,100,100
31989,100,100
31990,100,100
31991,100,100
31992,100,100
31993,100,100
31994,100,100
31995,100,100
31996,100,100
31997,100,100
31998,100,100
31999,100,100
32000,100,100
32001,100,100
32002,100,100
32003,100,100
32004,100,100
32005,100,100
32006,100,100
32007,100,100
32008,100,100
32009,100,100
32010,100,100
32011,100,100
32012,100,100
32013,100,100
32014,100,100
32015,100,100
32016,100,100
32017,100,100
32018,100,100
32019,100,100
32020,100,100
32021,100,100
32022,100,100
32023,100,100
32024,100,100
32025,100,100
32026,100,100
32027,100,100
32028,100,100
32029,100,100
32030,100,100
32031,100,100
32032,100,100
32033,100,100
32034,100,100
32035,100,100
32036,100,100
32037,100,100
32038,100,100
32039,100,100
32040,100,100
32041,100,100
32042,100,100
32043,100,100
32044,100,100
32045,100,100
32046,100,100
32047,100,100
32048,100,100
32049,100,100
32050,100,100
32051,100,100
32052,100,100
32053,100,100
32054,100,100
32055,100,100
32056,100,100
32057,100,100
32058,100,100
32059,100,100
32060,100,100
32061,100,100
32062,100,100
32063,100,100
32064,100,100
32065,100,100
32066,100,100
32067,100,100
32068,100,100
32069,100,100
32070,100,100
32071,100,100
32072,100,100
32073,100,100
32074,100,100
32075,100,100
32076,100,100
32077,100,100
32078,100,100
32079,100,100
32080,100,100
32081,100,100
32082,100,100
32083,100,100
32084,100,100
32085,100,100
32086,100,100
32087,100,100
32088,100,100
32089,100,100
32090,100,100
32091,100,100
32092,100,100
32093,100,100
32094,100,100
32095,100,100
32096,100,100
32097,100,100
32098,100,100
32099,100,100
32100,100,100
32101,100,100
32102,100,100
32103,100,100
32104,100,100
32105,100,100
32106,100,100
32107,100,100
32108,100,100
32109,100,100
32110,100,100
32111,100,100
32112,100,100
32113,100,100
32114,100,100
32115,100,100
32116,100,100
32117,100,100
32118,100,100
32119,100,100
32120,100,100
32121,100,100
32122,100,100
32123,100,100
32124,100,100
32125,100,100
32126,100,100
32127,100,100
32128,100,100
32129,100,100
32130,100,100
32131,100,100
32132,100,100
32133,100,100
32134,100,100
32135,100,100
32136,100,100
32137,100,100
32138,100,100
32139,100,100
32140,100,100
32141,100,100
32142,100,100
32143,100,100
32144,100,100
32145,100,100
32146,100,100
32147,100,100
32148,100,100
32149,100,100
32150,100,100
32151,100,100
32152,100,100
32153,100,100
32154,100,100
32155,100,100
32156,100,100
32157,100,100
32158,100,100
32159,100,100
32160,100,100
32161,100,100
32162,100,100
32163,100,100
32164,100,100
32165,100,100
32166,100,100
32167,100,100
32168,100,100
32169,100,100
32170,100,100
32171,100,100
32172,100,100
32173,100,100
32174,100,100
32175,100,100
32176,100,100
32177,100,100
32178,100,100
32179,100,100
32180,100,100
32181,100,100
32182,100,100
32183,100,100
32184,100,100
32185,100,100
32186,100,100
32187,100,100
32188,100,100
32189,100,100
32190,100,100
32191,100,100
32192,100,100
32193,100,100
32194,100,100
32195,100,100
32196,100,100
32197,100,100
32198,100,100
32199,100,100
32200,100,100
32201,100,100
32202,100,100
32203,100,100
32204,100,100
32205,100,100
32206,100,100
32207,100,100
32208,100,100
32209,100,100
32210,100,100
32211,100,100
32212,100,100
32213,100,100
32214,100,100
32215,100,100
32216,100,100
32217,100,100
32218,100,100
32219,100,100
32220,100,100
32221,100,100
32222,100,100
32223,100,100
32224,100,100
32225,100,100
32226,100,100
32227,100,100
32228,100,100
32229,100,100
32230,100,100
32231,100,100
32232,100,100
32233,100,100
32234,100,100
32235,100,100
32236,100,100
32237,100,100
32238,100,100
32239,100,100
32240,100,100
32241,100,100
32242,100,100
32243,100,100
32244,100,100
32245,100,100
32246,100,100
32247,100,100
32248,100,100
32249,100,100
32250,100,100
32251,100,100
32252,100,100
32253,100,100
32254,100,100
32255,100,100
32256,100,100
32257,100,100
32258,100,100
32259,100,100
32260,100,100
32261,100,100
32262,100,100
32263,100,100
32264,100,100
32265,100,100
32266,100,100
32267,100,100
32268,100,100
32269,100,100
32270,100,100
32271,100,100
32272,100,100
32273,100,100
32274,100,100
32275,100,100
32276,100,100
32277,100,100
32278,100,100
32279,100,100
32280,100,100
32281,100,100
32282,100,100
32283,100,100
32284,100,100
32285,100,100
32286,100,100
32287,100,100
32288,100,100
32289,100,100
32290,100,100
32291,100,100
32292,100,100
32293,100,100
32294,100,100
32295,100,100
32296,100,100
32297,100,100
32298,100,100
32299,100,100
32300,101,99
32301,101,99
32302,101,99
32303,101,99
32304,101,99
32305,101,99
32306,101,99
32307,101,99
32308,101,99
32309,101,99
32310,101,99
32311,101,99
32312,101,99
32313,101,99
32314,101,99
32315,101,99
32316,101,99
32317,101,99
32318,101,99
32319,101,99
32320,101,99
32321,101,99
32322,101,99
32323,101,99
32324,101,99
32325,101,99
32326,101,99
32327,101,99
32328,101,99
32329,101,99
32330,101,99
32331,101,99
32332,101,99
32333,101,99
32334,101,99
32335,101,99
32336,101,99
32337,101,99
32338,101,99
32339,101,99
32340,101,99
32341,101,99
32342,101,99
32343,101,99
32344,101,99
32345,101,99
32346,101,99
32347,101,99
32348,101,99
32349,101,99
32350,101,99
32351,101,99
32352,101,99
32353,101,99
32354,101,99
32355,101,99
32356,101,99
32357,101,99
32358,101,99
32359,101,99
32360,101,99
32361,101,99
32362,101,99
32363,101,99
32364,101,99
32365,101,99
32366,101,99
32367,101,99
32368,101,99
32369,101,99
32370,101,99
32371,101,99
32372,101,99
32373,101,99
32374,101,99
32375,101,99
32376,101,99
32377,101,99
32378,101,99
32379,101,99
32380,101,99
32381,101,99
32382,101,99
32383,101,99
32384,101,99
32385,101,99
32386,101,99
32387,101,99
32388,101,99
32389,101,99
32390,101,99
32391,101,99
32392,101,99
32393,101,99
32394,101,99
32395,101,99
32396,101,99
32397,101,99
32398,101,99
32399,101,99
32400,100,100
32401,100,100
32402,100,100
32403,100,100
32404,100,100
32405,100,100
32406,100,100
32407,100,100
32408,100,100
32409,100,100
32410,100,100
32411,100,100
32412,100,100
32413,100,100
32414,100,100
32415,100,100
32416,100,100
32417,100,100
32418,100,100
32419,100,100
32420,100,100
32421,100,100
32422,100,100
32423,100,100
32424,100,100
32425,100,100
32426,100,100
32427,100,100
32428,100,100
32429,100,100
32430,100,100
32431,100,100
32432,100,100
32433,100,100
32434,100,100
32435,100,100
32436,100,100
32437,100,100
32438,100,100
32439,100,100
32440,100,100
32441,100,100
32442,100,100
32443,100,100
32444,100,100
32445,100,100
32446,100,100
32447,100,100
32448,100,100
32449,100,100
32450,100,100
32451,100,100
32452,100,100
32453,100,100
32454,100,100
32455,100,100
32456,100,100
32457,100,100
32458,100,100
32459,100,100
32460,100,100
32461,100,100
32462,100,100
32463,100,100
32464,100,100
32465,100,100
32466,100,100
32467,100,100
32468,100,100
32469,100,100
32470,100,100
32471,100,100
32472,100,100
32473,100,100
32474,100,100
32475,100,100
32476,100,100
32477,100,100
32478,100,100
32479,100,100
32480,100,100
32481,100,100
32482,100,100
32483,100,100
32484,100,100
32485,100,100
32486,100,100
32487,100,100
32488,100,100
32489,100,100
32490,100,100
32491,100,100
32492,100,100
32493,100,100
32494,100,100
32495,100,100
32496,100,100
32497,100,100
32498,100,100
32499,100,100
32500,101,99
32501,101,99
32502,101,99
32503,101,99
32504,101,99
32505,101,99
32506,101,99
32507,101,99
32508,101,99
32509,101,99
32510,101,99
32511,101,99
32512,101,99
32513,101,99
32514,101,99
32515,101,99
32516,101,99
32517,101,99
32518,101,99
32519,101,99
32520,101,99
32521,101,99
32522,101,99
32523,101,99
32524,101,99
32525,101,99
32526,101,99
32527,101,99
32528,101,99
32529,101,99
32530,101,99
32531,101,99
32532,101,99
32533,101,99
32534,101,99
32535,101,99
32536,101,99
32537,101,99
32538,101,99
32539,101,99
32540,101,99
32541,101,99
32542,101,99
32543,101,99
32544,101,99
32545,101,99
32546,101,99
32547,101,99
32548,101,99
32549,101,99
32550,101,99
32551,101,99
32552,101,99
32553,101,99
32554,101,99
32555,101,99
32556,101,99
32557,101,99
32558,101,99
32559,101,99
32560,101,99
32561,101,99
32562,101,99
32563,101,99
32564,101,99
32565,101,99
32566,101,99
32567,101,99
32568,101,99
32569,101,99
32570,101,99
32571,101,99
32572,101,99
32573,101,99
32574,101,99
32575,101,99
32576,101,99
32577,101,99
32578,101,99
32579,101,99
32580,101,99
32581,101,99
32582,101,99
32583,101,99
32584,101,99
32585,101,99
32586,101,99
32587,101,99
32588,101,99
32589,101,99
32590,101,99
32591,101,99
32592,101,99
32593,101,99
32594,101,99
32595,101,99
32596,101,99
32597,101,99
32598,101,99
32599,101,99
32600,101,99
32601,101,99
32602,101,99
32603,101,99
32604,101,99
32605,101,99
32606,101,99
32607,101,99
32608,101,99
32609,101,99
32610,101,99
32611,101,99
32612,101,99
32613,101,99
32614,101,99
32615,101,99
32616,101,99
32617,101,99
32618,101,99
32619,101,99
32620,101,99
32621,101,99
32622,101,99
32623,101,99
32624,101,99
32625,101,99
32626,101,99
32627,101,99
32628,101,99
32629,101,99
32630,101,99
32631,101,99
32632,101,99
32633,101,99
32634,101,99
32635,101,99
32636,101,99
32637,101,99
32638,101,99
32639,101,99
32640,101,99
32641,101,99
32642,101,99
32643,101,99
32644,101,99
32645,101,99
32646,101,99
32647,101,99
32648,101,99
32649,101,99
32650,101,99
32651,101,99
32652,101,99
32653,101,99
32654,101,99
32655,101,99
32656,101,99
32657,101,99
32658,101,99
32659,101,99
32660,101,99
32661,101,99
32662,101,99
32663,101,99
32664,101,99
32665,101,99
32666,101,99
32667,101,99
32668,101,99
32669,101,99
32670,101,99
32671,101,99
32672,101,99
32673,101,99
32674,101,99
32675,101,99
32676,101,99
32677,101,99
32678,101,99
32679,101,99
32680,101,99
32681,101,99
32682,101,99
32683,101,99
32684,101,99
32685,101,99
32686,101,99
32687,101,99
32688,101,99
32689,101,99
32690,101,99
32691,101,99
32692,101,99
32693,101,99
32694,101,99
32695,101,99
32696,101,99
32697,101,99
32698,101,99
32699,101,99
32700,101,99
32701,101,99
32702,101,99
32703,101,99
32704,101,99
32705,101,99
32706,101,99
32707,101,99
32708,101,99
32709,101,99
32710,101,99
32711,101,99
32712,101,99
32713,101,99
32714,101,99
32715,101,99
32716,101,99
32717,101,99
32718,101,99
32719,101,99
32720,101,99
32721,101,99
32722,101,99
32723,101,99
32724,101,99
32725,101,99
32726,101,99
32727,101,99
32728,101,99
32729,101,99
32730,101,99
32731,101,99
32732,101,99
32733,101,99
32734,101,99
32735,101,99
32736,101,99
32737,101,99
32738,101,99
32739,101,99
32740,101,99
32741,101,99
32742,101,99
32743,101,99
32744,101,99
32745,101,99
32746,101,99
32747,101,99
32748,101,99
32749,101,99
32750,101,99
32751,101,99
32752,101,99
32753,101,99
32754,101,99
32755,101,99
32756,101,99
32757,101,99
32758,101,99
32759,101,99
32760,101,99
32761,101,99
32762,101,99
32763,101,99
32764,101,99
32765,101,99
32766,101,99
32767,101,99
32768,101,99
32769,101,99
32770,101,99
32771,101,99
32772,101,99
32773,101,99
32774,101,99
32775,101,99
32776,101,99
32777,101,99
32778,101,99
32779,101,99
32780,101,99
32781,101,99
32782,101,99
32783,101,99
32784,101,99
32785,101,99
32786,101,99
32787,101,99
32788,101,99
32789,101,99
32790,101,99
32791,101,99
32792,101,99
32793,101,99
32794,101,99
32795,101,99
32796,101,99
32797,101,99
32798,101,99
32799,101,99
32800,101,99
32801,101,99
32802,101,99
32803,101,99
32804,101,99
32805,101,99
32806,101,99
32807,101,99
32808,101,99
32809,101,99
32810,101,99
32811,101,99
32812,101,99
32813,101,99
32814,101,99
32815,101,99
32816,101,99
32817,101,99
32818,101,99
32819,101,99
32820,101,99
32821,101,99
32822,101,99
32823,101,99
32824,101,99
32825,101,99
32826,101,99
32827,101,99
32828,101,99
32829,101,99
32830,101,99
32831,101,99
32832,101,99
32833,101,99
32834,101,99
32835,101,99
32836,101,99
32837,101,99
32838,101,99
32839,101,99
32840,101,99
32841,101,99
32842,101,99
32843,101,99
32844,101,99
32845,101,99
32846,101,99
32847,101,99
32848,101,99
32849,101,99
32850,101,99
32851,101,99
32852,101,99
32853,101,99
32854,101,99
32855,101,99
32856,101,99
32857,101,99
32858,101,99
32859,101,99
32860,101,99
32861,101,99
32862,101,99
32863,101,99
32864,101,99
32865,101,99
32866,101,99
32867,101,99
32868,101,99
32869,101,99
32870,101,99
32871,101,99
32872,101,99
32873,101,99
32874,101,99
32875,101,99
32876,101,99
32877,101,99
32878,101,99
32879,101,99
32880,101,99
32881,101,99
32882,101,99
32883,101,99
32884,101,99
32885,101,99
32886,101,99
32887,101,99
32888,101,99
32889,101,99
32890,101,99
32891,101,99
32892,101,99
32893,101,99
32894,101,99
32895,101,99
32896,101,99
32897,101,99
32898,101,99
32899,101,99
32900,101,99
32901,101,99
32902,101,99
32903,101,99
32904,101,99
32905,101,99
32906,101,99
32907,101,99
32908,101,99
32909,101,99
32910,101,99
32911,101,99
32912,101,99
32913,101,99
32914,101,99
32915,101,99
32916,101,99
32917,101,99
32918,101,99
32919,101,99
32920,101,99
32921,101,99
32922,101,99
32923,101,99
32924,101,99
32925,101,99
32926,101,99
32927,101,99
32928,101,99
32929,101,99
32930,101,99
32931,101,99
32932,101,99
32933,101,99
32934,101,99
32935,101,99
32936,101,99
32937,101,99
32938,101,99
32939,101,99
32940,101,99
32941,101,99
32942,101,99
32943,101,99
32944,101,99
32945,101,99
32946,101,99
32947,101,99
32948,101,99
32949,101,99
32950,101,99
32951,101,99
32952,101,99
32953,101,99
32954,101,99
32955,101,99
32956,101,99
32957,101,99
32958,101,99
32959,101,99
32960,101,99
32961,101,99
32962,101,99
32963,101,99
32964,101,99
32965,101,99
32966,101,99
32967,101,99
32968,101,99
32969,101,99
32970,101,99
32971,101,99
32972,101,99
32973,101,99
32974,101,99
32975,101,99
32976,101,99
32977,101,99
32978,101,99
32979,101,99
32980,101,99
32981,101,99
32982,101,99
32983,101,99
32984,101,99
32985,101,99
32986,101,99
32987,101,99
32988,101,99
32989,101,99
32990,101,99
32991,101,99
32992,101,99
32993,101,99
32994,101,99
32995,101,99
32996,101,99
32997,101,99
32998,101,99
32999,101,99
33000,101,99
33001,101,99
33002,101,99
33003,101,99
33004,101,99
33005,101,99
33006,101,99
33007,101,99
33008,101,99
33009,101,99
33010,101,99
33011,101,99
33012,101,99
33013,101,99
33014,101,99
33015,101,99
33016,101,99
33017,101,99
33018,101,99
33019,101,99
33020,101,99
33021,101,99
33022,101,99
33023,101,99
33024,101,99
33025,101,99
33026,101,99
33027,101,99
33028,101,99
33029,101,99
33030,101,99
33031,101,99
33032,101,99
33033,101,99
33034,101,99
33035,101,99
33036,101,99
33037,101,99
33038,101,99
33039,101,99
33040,101,99
33041,101,99
33042,101,99
33043,101,99
33044,101,99
33045,101,99
33046,101,99
33047,101,99
33048,101,99
33049,101,99
33050,101,99
33051,101,99
33052,101,99
33053,101,99
33054,101,99
33055,101,99
33056,101,99
33057,101,99
33058,101,99
33059,101,99
33060,101,99
33061,101,99
33062,101,99
33063,101,99
33064,101,99
33065,101,99
33066,101,99
33067,101,99
33068,101,99
33069,101,99
33070,101,99
33071,101,99
33072,101,99
33073,101,99
33074,101,99
33075,101,99
33076,101,99
33077,101,99
33078,101,99
33079,101,99
33080,101,99
33081,101,99
33082,101,99
33083,101,99
33084,101,99
33085,101,99
33086,101,99
33087,101,99
33088,101,99
33089,101,99
33090,101,99
33091,101,99
33092,101,99
33093,101,99
33094,101,99
33095,101,99
33096,101,99
33097,101,99
33098,101,99
33099,101,99
33100,101,99
33101,101,99
33102,101,99
33103,101,99
33104,101,99
33105,101,99
33106,101,99
33107,101,99
33108,101,99
33109,101,99
33110,101,99
33111,101,99
33112,101,99
33113,101,99
33114,101,99
33115,101,99
33116,101,99
33117,101,99
33118,101,99
33119,101,99
33120,101,99
33121,101,99
33122,101,99
33123,101,99
33124,101,99
33125,101,99
33126,101,99
33127,101,99
33128,101,99
33129,101,99
33130,101,99
33131,101,99
33132,101,99
33133,101,99
33134,101,99
33135,101,99
33136,101,99
33137,101,99
33138,101,99
33139,101,99
33140,101,99
33141,101,99
33142,101,99
33143,101,99
33144,101,99
33145,101,99
33146,101,99
33147,101,99
33148,101,99
33149,101,99
33150,101,99
33151,101,99
33152,101,99
33153,101,99
33154,101,99
33155,101,99
33156,101,99
33157,101,99
33158,101,99
33159,101,99
33160,101,99
33161,101,99
33162,101,99
33163,101,99
33164,101,99
33165,101,99
33166,101,99
33167,101,99
33168,101,99
33169,101,99
33170,101,99
33171,101,99
33172,101,99
33173,101,99
33174,101,99
33175,101,99
33176,101,99
33177,101,99
33178,101,99
33179,101,99
33180,101,99
33181,101,99
33182,101,99
33183,101,99
33184,101,99
33185,101,99
33186,101,99
33187,101,99
33188,101,99
33189,101,99
33190,101,99
33191,101,99
33192,101,99
33193,101,99
33194,101,99
33195,101,99
33196,101,99
33197,101,99
33198,101,99
33199,101,99
33200,101,99
33201,101,99
33202,101,99
33203,101,99
33204,101,99
33205,101,99
33206,101,99
33207,101,99
33208,101,99
33209,101,99
33210,101,99
33211,101,99
33212,101,99
33213,101,99
33214,101,99
33215,101,99
33216,101,99
33217,101,99
33218,101,99
33219,101,99
33220,101,99
33221,101,99
33222,101,99
33223,101,99
33224,101,99
33225,101,99
33226,101,99
33227,101,99
33228,101,99
33229,101,99
33230,101,99
33231,101,99
33232,101,99
33233,101,99
33234,101,99
33235,101,99
33236,101,99
33237,101,99
33238,101,99
33239,101,99
33240,101,99
33241,101,99
33242,101,99
33243,101,99
33244,101,99
33245,101,99
33246,101,99
33247,101,99
33248,101,99
33249,101,99
33250,101,99
33251,101,99
33252,101,99
33253,101,99
33254,101,99
33255,101,99
33256,101,99
33257,101,99
33258,101,99
33259,101,99
33260,101,99
33261,101,99
33262,101,99
33263,101,99
33264,101,99
33265,101,99
33266,101,99
33267,101,99
33268,101,99
33269,101,99
33270,101,99
33271,101,99
33272,101,99
33273,101,99
33274,101,99
33275,101,99
33276,101,99
33277,101,99
33278,101,99
33279,101,99
33280,101,99
33281,101,99
33282,101,99
33283,101,99
33284,101,99
33285,101,99
33286,101,99
33287,101,99
33288,101,99
33289,101,99
33290,101,99
33291,101,99
33292,101,99
33293,101,99
33294,101,99
33295,101,99
33296,101,99
33297,101,99
33298,101,99
33299,101,99
33300,101,99
33301,101,99
33302,101,99
33303,101,99
33304,101,99
33305,101,99
33306,101,99
33307,101,99
33308,101,99
33309,101,99
33310,101,99
33311,101,99
33312,101,99
33313,101,99
33314,101,99
33315,101,99
33316,101,99
33317,101,99
33318,101,99
33319,101,99
33320,101,99
33321,101,99
33322,101,99
33323,101,99
33324,101,99
33325,101,99
33326,101,99
33327,101,99
33328,101,99
33329,101,99
33330,101,99
33331,101,99
33332,101,99
33333,101,99
33334,101,99
33335,101,99
33336,101,99
33337,101,99
33338,101,99
33339,101,99
33340,101,99
33341,101,99
33342,101,99
33343,101,99
33344,101,99
33345,101,99
33346,101,99
33347,101,99
33348,101,99
33349,101,99
33350,101,99
33351,101,99
33352,101,99
33353,101,99
33354,101,99
33355,101,99
33356,101,99
33357,101,99
33358,101,99
33359,101,99
33360,101,99
33361,101,99
33362,101,99
33363,101,99
33364,101,99
33365,101,99
33366,101,99
33367,101,99
33368,101,99
33369,101,99
33370,101,99
33371,101,99
33372,101,99
33373,101,99
33374,101,99
33375,101,99
33376,101,99
33377,101,99
33378,101,99
33379,101,99
33380,101,99
33381,101,99
33382,101,99
33383,101,99
33384,101,99
33385,101,99
33386,101,99
33387,101,99
33388,101,99
33389,101,99
33390,101,99
33391,101,99
33392,101,99
33393,101,99
33394,101,99
33395,101,99
33396,101,99
33397,101,99
33398,101,99
33399,101,99
33400,101,99
33401,101,99
33402,101,99
33403,101,99
33404,101,99
33405,101,99
33406,101,99
33407,101,99
33408,101,99
33409,101,99
33410,101,99
33411,101,99
33412,101,99
33413,101,99
33414,101,99
33415,101,99
33416,101,99
33417,101,99
33418,101,99
33419,101,99
33420,101,99
33421,101,99
33422,101,99
33423,101,99
33424,101,99
33425,101,99
33426,101,99
33427,101,99
33428,101,99
33429,101,99
33430,101,99
33431,101,99
33432,101,99
33433,101,99
33434,101,99
33435,101,99
33436,101,99
33437,101,99
33438,101,99
33439,101,99
33440,101,99
33441,101,99
33442,101,99
33443,101,99
33444,101,99
33445,101,99
33446,101,99
33447,101,99
33448,101,99
33449,101,99
33450,101,99
33451,101,99
33452,101,99
33453,101,99
33454,101,99
33455,101,99
33456,101,99
33457,101,99
33458,101,99
33459,101,99
33460,101,99
33461,101,99
33462,101,99
33463,101,99
33464,101,99
33465,101,99
33466,101,99
33467,101,99
33468,101,99
33469,101,99
33470,101,99
33471,101,99
33472,101,99
33473,101,99
33474,101,99
33475,101,99
33476,101,99
33477,101,99
33478,101,99
33479,101,99
33480,101,99
33481,101,99
33482,101,99
33483,101,99
33484,101,99
33485,101,99
33486,101,99
33487,101,99
33488,101,99
33489,101,99
33490,101,99
33491,101,99
33492,101,99
33493,101,99
33494,101,99
33495,101,99
33496,101,99
33497,101,99
33498,101,99
33499,101,99
33500,101,99
33501,101,99
33502,101,99
33503,101,99
33504,101,99
33505,101,99
33506,101,99
33507,101,99
33508,101,99
33509,101,99
33510,101,99
33511,101,99
33512,101,99
33513,101,99
33514,101,99
33515,101,99
33516,101,99
33517,101,99
33518,101,99
33519,101,99
33520,101,99
33521,101,99
33522,101,99
33523,101,99
33524,101,99
33525,101,99
33526,101,99
33527,101,99
33528,101,99
33529,101,99
33530,101,99
33531,101,99
33532,101,99
33533,101,99
33534,101,99
33535,101,99
33536,101,99
33537,101,99
33538,101,99
33539,101,99
33540,101,99
33541,101,99
33542,101,99
33543,101,99
33544,101,99
33545,101,99
33546,101,99
33547,101,99
33548,101,99
33549,101,99
33550,101,99
33551,101,99
33552,101,99
33553,101,99
33554,101,99
33555,101,99
33556,101,99
33557,101,99
33558,101,99
33559,101,99
33560,101,99
33561,101,99
33562,101,99
33563,101,99
33564,101,99
33565,101,99
33566,101,99
33567,101,99
33568,101,99
33569,101,99
33570,101,99
33571,101,99
33572,101,99
33573,101,99
33574,101,99
33575,101,99
33576,101,99
33577,101,99
33578,101,99
33579,101,99
33580,101,99
33581,101,99
33582,101,99
33583,101,99
33584,101,99
33585,101,99
33586,101,99
33587,101,99
33588,101,99
33589,101,99
33590,101,99
33591,101,99
33592,101,99
33593,101,99
33594,101,99
33595,101,99
33596,101,99
33597,101,99
33598,101,99
33599,101,99
33600,101,99
33601,101,99
33602,101,99
33603,101,99
33604,101,99
33605,101,99
33606,101,99
33607,101,99
33608,101,99
33609,101,99
33610,101,99
33611,101,99
33612,101,99
33613,101,99
33614,101,99
33615,101,99
33616,101,99
33617,101,99
33618,101,99
33619,101,99
33620,101,99
33621,101,99
33622,101,99
33623,101,99
33624,101,99
33625,101,99
33626,101,99
33627,101,99
33628,101,99
33629,101,99
33630,101,99
33631,101,99
33632,101,99
33633,101,99
33634,101,99
33635,101,99
33636,101,99
33637,101,99
33638,101,99
33639,101,99
33640,101,99
33641,101,99
33642,101,99
33643,101,99
33644,101,99
33645,101,99
33646,101,99
33647,101,99
33648,101,99
33649,101,99
33650,101,99
33651,101,99
33652,101,99
33653,101,99
33654,101,99
33655,101,99
33656,101,99
33657,101,99
33658,101,99
33659,101,99
33660,101,99
33661,101,99
33662,101,99
33663,101,99
33664,101,99
33665,101,99
33666,101,99
33667,101,99
33668,101,99
33669,101,99
33670,101,99
33671,101,99
33672,101,99
33673,101,99
33674,101,99
33675,101,99
33676,101,99
33677,101,99
33678,101,99
33679,101,99
33680,101,99
33681,101,99
33682,101,99
33683,101,99
33684,101,99
33685,101,99
33686,101,99
33687,101,99
33688,101,99
33689,101,99
33690,101,99
33691,101,99
33692,101,99
33693,101,99
33694,101,99
33695,101,99
33696,101,99
33697,101,99
33698,101,99
33699,101,99
33700,100,100
33701,100,100
33702,100,100
33703,100,100
33704,100,100
33705,100,100
33706,100,100
33707,100,100
33708,100,100
33709,100,100
33710,100,100
33711,100,100
33712,100,100
33713,100,100
33714,100,100
33715,100,100
33716,100,100
33717,100,100
33718,100,100
33719,100,100
33720,100,100
33721,100,100
33722,100,100
33723,100,100
33724,100,100
33725,100,100
33726,100,100
33727,100,100
33728,100,100
33729,100,100
33730,100,100
33731,100,100
33732,100,100
33733,100,100
33734,100,100
33735,100,100
33736,100,100
33737,100,100
33738,100,100
33739,100,100
33740,100,100
33741,100,100
33742,100,100
33743,100,100
33744,100,100
33745,100,100
33746,100,100
33747,100,100
33748,100,100
33749,100,100
33750,100,100
33751,100,100
33752,100,100
33753,100,100
33754,100,100
33755,100,100
33756,100,100
33757,100,100
33758,100,100
33759,100,100
33760,100,100
33761,100,100
33762,100,100
33763,100,100
33764,100,100
33765,100,100
33766,100,100
33767,100,100
33768,100,100
33769,100,100
33770,100,100
33771,100,100
33772,100,100
33773,100,100
33774,100,100
33775,100,100
33776,100,100
33777,100,100
33778,100,100
33779,100,100
33780,100,100
33781,100,100
33782,100,100
33783,100,100
33784,100,100
33785,100,100
33786,100,100
33787,100,100
33788,100,100
33789,100,100
33790,100,100
33791,100,100
33792,100,100
33793,100,100
33794,100,100
33795,100,100
33796,100,100
33797,100,100
33798,100,100
33799,100,100
33800,101,99
33801,101,99
33802,101,99
33803,101,99
33804,101,99
33805,101,99
33806,101,99
33807,101,99
33808,101,99
33809,101,99
33810,101,99
33811,101,99
33812,101,99
33813,101,99
33814,101,99
33815,101,99
33816,101,99
33817,101,99
33818,101,99
33819,101,99
33820,101,99
33821,101,99
33822,101,99
33823,101,99
33824,101,99
33825,101,99
33826,101,99
33827,101,99
33828,101,99
33829,101,99
33830,101,99
33831,101,99
33832,101,99
33833,101,99
33834,101,99
33835,101,99
33836,101,99
33837,101,99
33838,101,99
33839,101,99
33840,101,99
33841,101,99
33842,101,99
33843,101,99
33844,101,99
33845,101,99
33846,101,99
33847,101,99
33848,101,99
33849,101,99
33850,101,99
33851,101,99
33852,101,99
33853,101,99
33854,101,99
33855,101,99
33856,101,99
33857,101,99
33858,101,99
33859,101,99
33860,101,99
33861,101,99
33862,101,99
33863,101,99
33864,101,99
33865,101,99
33866,101,99
33867,101,99
33868,101,99
33869,101,99
33870,101,99
33871,101,99
33872,101,99
33873,101,99
33874,101,99
33875,101,99
33876,101,99
33877,101,99
33878,101,99
33879,101,99
33880,101,99
33881,101,99
33882,101,99
33883,101,99
33884,101,99
33885,101,99
33886,101,99
33887,101,99
33888,101,99
33889,101,99
33890,101,99
33891,101,99
33892,101,99
33893,101,99
33894,101,99
33895,101,99
33896,101,99
33897,101,99
33898,101,99
33899,101,99
33900,101,99
33901,101,99
33902,101,99
33903,101,99
33904,101,99
33905,101,99
33906,101,99
33907,101,99
33908,101,99
33909,101,99
33910,101,99
33911,101,99
33912,101,99
33913,101,99
33914,101,99
33915,101,99
33916,101,99
33917,101,99
33918,101,99
33919,101,99
33920,101,99
33921,101,99
33922,101,99
33923,101,99
33924,101,99
33925,101,99
33926,101,99
33927,101,99
33928,101,99
33929,101,99
33930,101,99
33931,101,99
33932,101,99
33933,101,99
33934,101,99
33935,101,99
33936,101,99
33937,101,99
33938,101,99
33939,101,99
33940,101,99
33941,101,99
33942,101,99
33943,101,99
33944,101,99
33945,101,99
33946,101,99
33947,101,99
33948,101,99
33949,101,99
33950,101,99
33951,101,99
33952,101,99
33953,101,99
33954,101,99
33955,101,99
33956,101,99
33957,101,99
33958,101,99
33959,101,99
33960,101,99
33961,101,99
33962,101,99
33963,101,99
33964,101,99
33965,101,99
33966,101,99
33967,101,99
33968,101,99
33969,101,99
33970,101,99
33971,101,99
33972,101,99
33973,101,99
33974,101,99
33975,101,99
33976,101,99
33977,101,99
33978,101,99
33979,101,99
33980,101,99
33981,101,99
33982,101,99
33983,101,99
33984,101,99
33985,101,99
33986,101,99
33987,101,99
33988,101,99
33989,101,99
33990,101,99
33991,101,99
33992,101,99
33993,101,99
33994,101,99
33995,101,99
33996,101,99
33997,101,99
33998,101,99
33999,101,99
34000,101,99
34001,101,99
34002,101,99
34003,101,99
34004,101,99
34005,101,99
34006,101,99
34007,101,99
34008,101,99
34009,101,99
34010,101,99
34011,101,99
34012,101,99
34013,101,99
34014,101,99
34015,101,99
34016,101,99
34017,101,99
34018,101,99
34019,101,99
34020,101,99
34021,101,99
34022,101,99
34023,101,99
34024,101,99
34025,101,99
34026,101,99
34027,101,99
34028,101,99
34029,101,99
34030,101,99
34031,101,99
34032,101,99
34033,101,99
34034,101,99
34035,101,99
34036,101,99
34037,101,99
34038,101,99
34039,101,99
34040,101,99
34041,101,99
34042,101,99
34043,101,99
34044,101,99
34045,101,99
34046,101,99
34047,101,99
34048,101,99
34049,101,99
34050,101,99
34051,101,99
34052,101,99
34053,101,99
34054,101,99
34055,101,99
34056,101,99
34057,101,99
34058,101,99
34059,101,99
34060,101,99
34061,101,99
34062,101,99
34063,101,99
34064,101,99
34065,101,99
34066,101,99
34067,101,99
34068,101,99
34069,101,99
34070,101,99
34071,101,99
34072,101,99
34073,101,99
34074,101,99
34075,101,99
34076,101,99
34077,101,99
34078,101,99
34079,101,99
34080,101,99
34081,101,99
34082,101,99
34083,101,99
34084,101,99
34085,101,99
34086,101,99
34087,101,99
34088,101,99
34089,101,99
34090,101,99
34091,101,99
34092,101,99
34093,101,99
34094,101,99
34095,101,99
34096,101,99
34097,101,99
34098,101,99
34099,101,99
34100,101,99
34101,101,99
34102,101,99
34103,101,99
34104,101,99
34105,101,99
34106,101,99
34107,101,99
34108,101,99
34109,101,99
34110,101,99
34111,101,99
34112,101,99
34113,101,99
34114,101,99
34115,101,99
34116,101,99
34117,101,99
34118,101,99
34119,101,99
34120,101,99
34121,101,99
34122,101,99
34123,101,99
34124,101,99
34125,101,99
34126,101,99
34127,101,99
34128,101,99
34129,101,99
34130,101,99
34131,101,99
34132,101,99
34133,101,99
34134,101,99
34135,101,99
34136,101,99
34137,101,99
34138,101,99
34139,101,99
34140,101,99
34141,101,99
34142,101,99
34143,101,99
34144,101,99
34145,101,99
34146,101,99
34147,101,99
34148,101,99
34149,101,99
34150,101,99
34151,101,99
34152,101,99
34153,101,99
34154,101,99
34155,101,99
34156,101,99
34157,101,99
34158,101,99
34159,101,99
34160,101,99
34161,101,99
34162,101,99
34163,101,99
34164,101,99
34165,101,99
34166,101,99
34167,101,99
34168,101,99
34169,101,99
34170,101,99
34171,101,99
34172,101,99
34173,101,99
34174,101,99
34175,101,99
34176,101,99
34177,101,99
34178,101,99
34179,101,99
34180,101,99
34181,101,99
34182,101,99
34183,101,99
34184,101,99
34185,101,99
34186,101,99
34187,101,99
34188,101,99
34189,101,99
34190,101,99
34191,101,99
34192,101,99
34193,101,99
34194,101,99
34195,101,99
34196,101,99
34197,101,99
34198,101,99
34199,101,99
34200,101,99
34201,101,99
34202,101,99
34203,101,99
34204,101,99
34205,101,99
34206,101,99
34207,101,99
34208,101,99
34209,101,99
34210,101,99
34211,101,99
34212,101,99
34213,101,99
34214,101,99
34215,101,99
34216,101,99
34217,101,99
34218,101,99
34219,101,99
34220,101,99
34221,101,99
34222,101,99
34223,101,99
34224,101,99
34225,101,99
34226,101,99
34227,101,99
34228,101,99
34229,101,99
34230,101,99
34231,101,99
34232,101,99
34233,101,99
34234,101,99
34235,101,99
34236,101,99
34237,101,99
34238,101,99
34239,101,99
34240,101,99
34241,101,99
34242,101,99
34243,101,99
34244,101,99
34245,101,99
34246,101,99
34247,101,99
34248,101,99
34249,101,99
34250,101,99
34251,101,99
34252,101,99
34253,101,99
34254,101,99
34255,101,99
34256,101,99
34257,101,99
34258,101,99
34259,101,99
34260,101,99
34261,101,99
34262,101,99
34263,101,99
34264,101,99
34265,101,99
34266,101,99
34267,101,99
34268,101,99
34269,101,99
34270,101,99
34271,101,99
34272,101,99
34273,101,99
34274,101,99
34275,101,99
34276,101,99
34277,101,99
34278,101,99
34279,101,99
34280,101,99
34281,101,99
34282,101,99
34283,101,99
34284,101,99
34285,101,99
34286,101,99
34287,101,99
34288,101,99
34289,101,99
34290,101,99
34291,101,99
34292,101,99
34293,101,99
34294,101,99
34295,101,99
34296,101,99
34297,101,99
34298,101,99
34299,101,99
34300,101,99
34301,101,99
34302,101,99
34303,101,99
34304,101,99
34305,101,99
34306,101,99
34307,101,99
34308,101,99
34309,101,99
34310,101,99
34311,101,99
34312,101,99
34313,101,99
34314,101,99
34315,101,99
34316,101,99
34317,101,99
34318,101,99
34319,101,99
34320,101,99
34321,101,99
34322,101,99
34323,101,99
34324,101,99
34325,101,99
34326,101,99
34327,101,99
34328,101,99
34329,101,99
34330,101,99
34331,101,99
34332,101,99
34333,101,99
34334,101,99
34335,101,99
34336,101,99
34337,101,99
34338,101,99
34339,101,99
34340,101,99
34341,101,99
34342,101,99
34343,101,99
34344,101,99
34345,101,99
34346,101,99
34347,101,99
34348,101,99
34349,101,99
34350,101,99
34351,101,99
34352,101,99
34353,101,99
34354,101,99
34355,101,99
34356,101,99
34357,101,99
34358,101,99
34359,101,99
34360,101,99
34361,101,99
34362,101,99
34363,101,99
34364,101,99
34365,101,99
34366,101,99
34367,101,99
34368,101,99
34369,101,99
34370,101,99
34371,101,99
34372,101,99
34373,101,99
34374,101,99
34375,101,99
34376,101,99
34377,101,99
34378,101,99
34379,101,99
34380,101,99
34381,101,99
34382,101,99
34383,101,99
34384,101,99
34385,101,99
34386,101,99
34387,101,99
34388,101,99
34389,101,99
34390,101,99
34391,101,99
34392,101,99
34393,101,99
34394,101,99
34395,101,99
34396,101,99
34397,101,99
34398,101,99
34399,101,99
34400,101,99
34401,101,99
34402,101,99
34403,101,99
34404,101,99
34405,101,99
34406,101,99
34407,101,99
34408,101,99
34409,101,99
34410,101,99
34411,101,99
34412,101,99
34413,101,99
34414,101,99
34415,101,99
34416,101,99
34417,101,99
34418,101,99
34419,101,99
34420,101,99
34421,101,99
34422,101,99
34423,101,99
34424,101,99
34425,101,99
34426,101,99
34427,101,99
34428,101,99
34429,101,99
34430,101,99
34431,101,99
34432,101,99
34433,101,99
34434,101,99
34435,101,99
34436,101,99
34437,101,99
34438,101,99
34439,101,99
34440,101,99
34441,101,99
34442,101,99
34443,101,99
34444,101,99
34445,101,99
34446,101,99
34447,101,99
34448,101,99
34449,101,99
34450,101,99
34451,101,99
34452,101,99
34453,101,99
34454,101,99
34455,101,99
34456,101,99
34457,101,99
34458,101,99
34459,101,99
34460,101,99
34461,101,99
34462,101,99
34463,101,99
34464,101,99
34465,101,99
34466,101,99
34467,101,99
34468,101,99
34469,101,99
34470,101,99
34471,101,99
34472,101,99
34473,101,99
34474,101,99
34475,101,99
34476,101,99
34477,101,99
34478,101,99
34479,101,99
34480,101,99
34481,101,99
34482,101,99
34483,101,99
34484,101,99
34485,101,99
34486,101,99
34487,101,99
34488,101,99
34489,101,99
34490,101,99
34491,101,99
34492,101,99
34493,101,99
34494,101,99
34495,101,99
34496,101,99
34497,101,99
34498,101,99
34499,101,99
34500,101,99
34501,101,99
34502,101,99
34503,101,99
34504,101,99
34505,101,99
34506,101,99
34507,101,99
34508,101,99
34509,101,99
34510,101,99
34511,101,99
34512,101,99
34513,101,99
34514,101,99
34515,101,99
34516,101,99
34517,101,99
34518,101,99
34519,101,99
34520,101,99
34521,101,99
34522,101,99
34523,101,99
34524,101,99
34525,101,99
34526,101,99
34527,101,99
34528,101,99
34529,101,99
34530,101,99
34531,101,99
34532,101,99
34533,101,99
34534,101,99
34535,101,99
34536,101,99
34537,101,99
34538,101,99
34539,101,99
34540,101,99
34541,101,99
34542,101,99
34543,101,99
34544,101,99
34545,101,99
34546,101,99
34547,101,99
34548,101,99
34549,101,99
34550,101,99
34551,101,99
34552,101,99
34553,101,99
34554,101,99
34555,101,99
34556,101,99
34557,101,99
34558,101,99
34559,101,99
34560,101,99
34561,101,99
34562,101,99
34563,101,99
34564,101,99
34565,101,99
34566,101,99
34567,101,99
34568,101,99
34569,101,99
34570,101,99
34571,101,99
34572,101,99
34573,101,99
34574,101,99
34575,101,99
34576,101,99
34577,101,99
34578,101,99
34579,101,99
34580,101,99
34581,101,99
34582,101,99
34583,101,99
34584,101,99
34585,101,99
34586,101,99
34587,101,99
34588,101,99
34589,101,99
34590,101,99
34591,101,99
34592,101,99
34593,101,99
34594,101,99
34595,101,99
34596,101,99
34597,101,99
34598,101,99
34599,101,99
34600,101,99
34601,101,99
34602,101,99
34603,101,99
34604,101,99
34605,101,99
34606,101,99
34607,101,99
34608,101,99
34609,101,99
34610,101,99
34611,101,99
34612,101,99
34613,101,99
34614,101,99
34615,101,99
34616,101,99
34617,101,99
34618,101,99
34619,101,99
34620,101,99
34621,101,99
34622,101,99
34623,101,99
34624,101,99
34625,101,99
34626,101,99
34627,101,99
34628,101,99
34629,101,99
34630,101,99
34631,101,99
34632,101,99
34633,101,99
34634,101,99
34635,101,99
34636,101,99
34637,101,99
34638,101,99
34639,101,99
34640,101,99
34641,101,99
34642,101,99
34643,101,99
34644,101,99
34645,101,99
34646,101,99
34647,101,99
34648,101,99
34649,101,99
34650,101,99
34651,101,99
34652,101,99
34653,101,99
34654,101,99
34655,101,99
34656,101,99
34657,101,99
34658,101,99
34659,101,99
34660,101,99
34661,101,99
34662,101,99
34663,101,99
34664,101,99
34665,101,99
34666,101,99
34667,101,99
34668,101,99
34669,101,99
34670,101,99
34671,101,99
34672,101,99
34673,101,99
34674,101,99
34675,101,99
34676,101,99
34677,101,99
34678,101,99
34679,101,99
34680,101,99
34681,101,99
34682,101,99
34683,101,99
34684,101,99
34685,101,99
34686,101,99
34687,101,99
34688,101,99
34689,101,99
34690,101,99
34691,101,99
34692,101,99
34693,101,99
34694,101,99
34695,101,99
34696,101,99
34697,101,99
34698,101,99
34699,101,99
34700,101,99
34701,101,99
34702,101,99
34703,101,99
34704,101,99
34705,101,99
34706,101,99
34707,101,99
34708,101,99
34709,101,99
34710,101,99
34711,101,99
34712,101,99
34713,101,99
34714,101,99
34715,101,99
34716,101,99
34717,101,99
34718,101,99
34719,101,99
34720,101,99
34721,101,99
34722,101,99
34723,101,99
34724,101,99
34725,101,99
34726,101,99
34727,101,99
34728,101,99
34729,101,99
34730,101,99
34731,101,99
34732,101,99
34733,101,99
34734,101,99
34735,101,99
34736,101,99
34737,101,99
34738,101,99
34739,101,99
34740,101,99
34741,101,99
34742,101,99
34743,101,99
34744,101,99
34745,101,99
34746,101,99
34747,101,99
34748,101,99
34749,101,99
34750,101,99
34751,101,99
34752,101,99
34753,101,99
34754,101,99
34755,101,99
34756,101,99
34757,101,99
34758,101,99
34759,101,99
34760,101,99
34761,101,99
34762,101,99
34763,101,99
34764,101,99
34765,101,99
34766,101,99
34767,101,99
34768,101,99
34769,101,99
34770,101,99
34771,101,99
34772,101,99
34773,101,99
34774,101,99
34775,101,99
34776,101,99
34777,101,99
34778,101,99
34779,101,99
34780,101,99
34781,101,99
34782,101,99
34783,101,99
34784,101,99
34785,101,99
34786,101,99
34787,101,99
34788,101,99
34789,101,99
34790,101,99
34791,101,99
34792,101,99
34793,101,99
34794,101,99
34795,101,99
34796,101,99
34797,101,99
34798,101,99
34799,101,99
34800,101,99
34801,101,99
34802,101,99
34803,101,99
34804,101,99
34805,101,99
34806,101,99
34807,101,99
34808,101,99
34809,101,99
34810,101,99
34811,101,99
34812,101,99
34813,101,99
34814,101,99
34815,101,99
34816,101,99
34817,101,99
34818,101,99
34819,101,99
34820,101,99
34821,101,99
34822,101,99
34823,101,99
34824,101,99
34825,101,99
34826,101,99
34827,101,99
34828,101,99
34829,101,99
34830,101,99
34831,101,99
34832,101,99
34833,101,99
34834,101,99
34835,101,99
34836,101,99
34837,101,99
34838,101,99
34839,101,99
34840,101,99
34841,101,99
34842,101,99
34843,101,99
34844,101,99
34845,101,99
34846,101,99
34847,101,99
34848,101,99
34849,101,99
34850,101,99
34851,101,99
34852,101,99
34853,101,99
34854,101,99
34855,101,99
34856,101,99
34857,101,99
34858,101,99
34859,101,99
34860,101,99
34861,101,99
34862,101,99
34863,101,99
34864,101,99
34865,101,99
34866,101,99
34867,101,99
34868,101,99
34869,101,99
34870,101,99
34871,101,99
34872,101,99
34873,101,99
34874,101,99
34875,101,99
34876,101,99
34877,101,99
34878,101,99
34879,101,99
34880,101,99
34881,101,99
34882,101,99
34883,101,99
34884,101,99
34885,101,99
34886,101,99
34887,101,99
34888,101,99
34889,101,99
34890,101,99
34891,101,99
34892,101,99
34893,101,99
34894,101,99
34895,101,99
34896,101,99
34897,101,99
34898,101,99
34899,101,99
34900,101,99
34901,101,99
34902,101,99
34903,101,99
34904,101,99
34905,101,99
34906,101,99
34907,101,99
34908,101,99
34909,101,99
34910,101,99
34911,101,99
34912,101,99
34913,101,99
34914,101,99
34915,101,99
34916,101,99
34917,101,99
34918,101,99
34919,101,99
34920,101,99
34921,101,99
34922,101,99
34923,101,99
34924,101,99
34925,101,99
34926,101,99
34927,101,99
34928,101,99
34929,101,99
34930,101,99
34931,101,99
34932,101,99
34933,101,99
34934,101,99
34935,101,99
34936,101,99
34937,101,99
34938,101,99
34939,101,99
34940,101,99
34941,101,99
34942,101,99
34943,101,99
34944,101,99
34945,101,99
34946,101,99
34947,101,99
34948,101,99
34949,101,99
34950,101,99
34951,101,99
34952,101,99
34953,101,99
34954,101,99
34955,101,99
34956,101,99
34957,101,99
34958,101,99
34959,101,99
34960,101,99
34961,101,99
34962,101,99
34963,101,99
34964,101,99
34965,101,99
34966,101,99
34967,101,99
34968,101,99
34969,101,99
34970,101,99
34971,101,99
34972,101,99
34973,101,99
34974,101,99
34975,101,99
34976,101,99
34977,101,99
34978,101,99
34979,101,99
34980,101,99
34981,101,99
34982,101,99
34983,101,99
34984,101,99
34985,101,99
34986,101,99
34987,101,99
34988,101,99
34989,101,99
34990,101,99
34991,101,99
34992,101,99
34993,101,99
34994,101,99
34995,101,99
34996,101,99
34997,101,99
34998,101,99
34999,101,99
35000,101,99
35001,101,99
35002,101,99
35003,101,99
35004,101,99
35005,101,99
35006,101,99
35007,101,99
35008,101,99
35009,101,99
35010,101,99
35011,101,99
35012,101,99
35013,101,99
35014,101,99
35015,101,99
35016,101,99
35017,101,99
35018,101,99
35019,101,99
35020,101,99
35021,101,99
35022,101,99
35023,101,99
35024,101,99
35025,101,99
35026,101,99
35027,101,99
35028,101,99
35029,101,99
35030,101,99
35031,101,99
35032,101,99
35033,101,99
35034,101,99
35035,101,99
35036,101,99
35037,101,99
35038,101,99
35039,101,99
35040,101,99
35041,101,99
35042,101,99
35043,101,99
35044,101,99
35045,101,99
35046,101,99
35047,101,99
35048,101,99
35049,101,99
35050,101,99
35051,101,99
35052,101,99
35053,101,99
35054,101,99
35055,101,99
35056,101,99
35057,101,99
35058,101,99
35059,101,99
35060,101,99
35061,101,99
35062,101,99
35063,101,99
35064,101,99
35065,101,99
35066,101,99
35067,101,99
35068,101,99
35069,101,99
35070,101,99
35071,101,99
35072,101,99
35073,101,99
35074,101,99
35075,101,99
35076,101,99
35077,101,99
35078,101,99
35079,101,99
35080,101,99
35081,101,99
35082,101,99
35083,101,99
35084,101,99
35085,101,99
35086,101,99
35087,101,99
35088,101,99
35089,101,99
35090,101,99
35091,101,99
35092,101,99
35093,101,99
35094,101,99
35095,101,99
35096,101,99
35097,101,99
35098,101,99
35099,101,99
35100,101,99
35101,101,99
35102,101,99
35103,101,99
35104,101,99
35105,101,99
35106,101,99
35107,101,99
35108,101,99
35109,101,99
35110,101,99
35111,101,99
35112,101,99
35113,101,99
35114,101,99
35115,101,99
35116,101,99
35117,101,99
35118,101,99
35119,101,99
35120,101,99
35121,101,99
35122,101,99
35123,101,99
35124,101,99
35125,101,99
35126,101,99
35127,101,99
35128,101,99
35129,101,99
35130,101,99
35131,101,99
35132,101,99
35133,101,99
35134,101,99
35135,101,99
35136,101,99
35137,101,99
35138,101,99
35139,101,99
35140,101,99
35141,101,99
35142,101,99
35143,101,99
35144,101,99
35145,101,99
35146,101,99
35147,101,99
35148,101,99
35149,101,99
35150,101,99
35151,101,99
35152,101,99
35153,101,99
35154,101,99
35155,101,99
35156,101,99
35157,101,99
35158,101,99
35159,101,99
35160,101,99
35161,101,99
35162,101,99
35163,101,99
35164,101,99
35165,101,99
35166,101,99
35167,101,99
35168,101,99
35169,101,99
35170,101,99
35171,101,99
35172,101,99
35173,101,99
35174,101,99
35175,101,99
35176,101,99
35177,101,99
35178,101,99
35179,101,99
35180,101,99
35181,101,99
35182,101,99
35183,101,99
35184,101,99
35185,101,99
35186,101,99
35187,101,99
35188,101,99
35189,101,99
35190,101,99
35191,101,99
35192,101,99
35193,101,99
35194,101,99
35195,101,99
35196,101,99
35197,101,99
35198,101,99
35199,101,99
35200,101,99
35201,101,99
35202,101,99
35203,101,99
35204,101,99
35205,101,99
35206,101,99
35207,101,99
35208,101,99
35209,101,99
35210,101,99
35211,101,99
35212,101,99
35213,101,99
35214,101,99
35215,101,99
35216,101,99
35217,101,99
35218,101,99
35219,101,99
35220,101,99
35221,101,99
35222,101,99
35223,101,99
35224,101,99
35225,101,99
35226,101,99
35227,101,99
35228,101,99
35229,101,99
35230,101,99
35231,101,99
35232,101,99
35233,101,99
35234,101,99
35235,101,99
35236,101,99
35237,101,99
35238,101,99
35239,101,99
35240,101,99
35241,101,99
35242,101,99
35243,101,99
35244,101,99
35245,101,99
35246,101,99
35247,101,99
35248,101,99
35249,101,99
35250,101,99
35251,101,99
35252,101,99
35253,101,99
35254,101,99
35255,101,99
35256,101,99
35257,101,99
35258,101,99
35259,101,99
35260,101,99
35261,101,99
35262,101,99
35263,101,99
35264,101,99
35265,101,99
35266,101,99
35267,101,99
35268,101,99
35269,101,99
35270,101,99
35271,101,99
35272,101,99
35273,101,99
35274,101,99
35275,101,99
35276,101,99
35277,101,99
35278,101,99
35279,101,99
35280,101,99
35281,101,99
35282,101,99
35283,101,99
35284,101,99
35285,101,99
35286,101,99
35287,101,99
35288,101,99
35289,101,99
35290,101,99
35291,101,99
35292,101,99
35293,101,99
35294,101,99
35295,101,99
35296,101,99
35297,101,99
35298,101,99
35299,101,99
35300,101,99
35301,101,99
35302,101,99
35303,101,99
35304,101,99
35305,101,99
35306,101,99
35307,101,99
35308,101,99
35309,101,99
35310,101,99
35311,101,99
35312,101,99
35313,101,99
35314,101,99
35315,101,99
35316,101,99
35317,101,99
35318,101,99
35319,101,99
35320,101,99
35321,101,99
35322,101,99
35323,101,99
35324,101,99
35325,101,99
35326,101,99
35327,101,99
35328,101,99
35329,101,99
35330,101,99
35331,101,99
35332,101,99
35333,101,99
35334,101,99
35335,101,99
35336,101,99
35337,101,99
35338,101,99
35339,101,99
35340,101,99
35341,101,99
35342,101,99
35343,101,99
35344,101,99
35345,101,99
35346,101,99
35347,101,99
35348,101,99
35349,101,99
35350,101,99
35351,101,99
35352,101,99
35353,101,99
35354,101,99
35355,101,99
35356,101,99
35357,101,99
35358,101,99
35359,101,99
35360,101,99
35361,101,99
35362,101,99
35363,101,99
35364,101,99
35365,101,99
35366,101,99
35367,101,99
35368,101,99
35369,101,99
35370,101,99
35371,101,99
35372,101,99
35373,101,99
35374,101,99
35375,101,99
35376,101,99
35377,101,99
35378,101,99
35379,101,99
35380,101,99
35381,101,99
35382,101,99
35383,101,99
35384,101,99
35385,101,99
35386,101,99
35387,101,99
35388,101,99
35389,101,99
35390,101,99
35391,101,99
35392,101,99
35393,101,99
35394,101,99
35395,101,99
35396,101,99
35397,101,99
35398,101,99
35399,101,99
35400,101,99
35401,101,99
35402,101,99
35403,101,99
35404,101,99
35405,101,99
35406,101,99
35407,101,99
35408,101,99
35409,101,99
35410,101,99
35411,101,99
35412,101,99
35413,101,99
35414,101,99
35415,101,99
35416,101,99
35417,101,99
35418,101,99
35419,101,99
35420,101,99
35421,101,99
35422,101,99
35423,101,99
35424,101,99
35425,101,99
35426,101,99
35427,101,99
35428,101,99
35429,101,99
35430,101,99
35431,101,99
35432,101,99
35433,101,99
35434,101,99
35435,101,99
35436,101,99
35437,101,99
35438,101,99
35439,101,99
35440,101,99
35441,101,99
35442,101,99
35443,101,99
35444,101,99
35445,101,99
35446,101,99
35447,101,99
35448,101,99
35449,101,99
35450,101,99
35451,101,99
35452,101,99
35453,101,99
35454,101,99
35455,101,99
35456,101,99
35457,101,99
35458,101,99
35459,101,99
35460,101,99
35461,101,99
35462,101,99
35463,101,99
35464,101,99
35465,101,99
35466,101,99
35467,101,99
35468,101,99
35469,101,99
35470,101,99
35471,101,99
35472,101,99
35473,101,99
35474,101,99
35475,101,99
35476,101,99
35477,101,99
35478,101,99
35479,101,99
35480,101,99
35481,101,99
35482,101,99
35483,101,99
35484,101,99
35485,101,99
35486,101,99
35487,101,99
35488,101,99
35489,101,99
35490,101,99
35491,101,99
35492,101,99
35493,101,99
35494,101,99
35495,101,99
35496,101,99
35497,101,99
35498,101,99
35499,101,99
35500,101,99
35501,101,99
35502,101,99
35503,101,99
35504,101,99
35505,101,99
35506,101,99
35507,101,99
35508,101,99
35509,101,99
35510,101,99
35511,101,99
35512,101,99
35513,101,99
35514,101,99
35515,101,99
35516,101,99
35517,101,99
35518,101,99
35519,101,99
35520,101,99
35521,101,99
35522,101,99
35523,101,99
35524,101,99
35525,101,99
35526,101,99
35527,101,99
35528,101,99
35529,101,99
35530,101,99
35531,101,99
35532,101,99
35533,101,99
35534,101,99
35535,101,99
35536,101,99
35537,101,99
35538,101,99
35539,101,99
35540,101,99
35541,101,99
35542,101,99
35543,101,99
35544,101,99
35545,101,99
35546,101,99
35547,101,99
35548,101,99
35549,101,99
35550,101,99
35551,101,99
35552,101,99
35553,101,99
35554,101,99
35555,101,99
35556,101,99
35557,101,99
35558,101,99
35559,101,99
35560,101,99
35561,101,99
35562,101,99
35563,101,99
35564,101,99
35565,101,99
35566,101,99
35567,101,99
35568,101,99
35569,101,99
35570,101,99
35571,101,99
35572,101,99
35573,101,99
35574,101,99
35575,101,99
35576,101,99
35577,101,99
35578,101,99
35579,101,99
35580,101,99
35581,101,99
35582,101,99
35583,101,99
35584,101,99
35585,101,99
35586,101,99
35587,101,99
35588,101,99
35589,101,99
35590,101,99
35591,101,99
35592,101,99
35593,101,99
35594,101,99
35595,101,99
35596,101,99
35597,101,99
35598,101,99
35599,101,99
35600,101,99
35601,101,99
35602,101,99
35603,101,99
35604,101,99
35605,101,99
35606,101,99
35607,101,99
35608,101,99
35609,101,99
35610,101,99
35611,101,99
35612,101,99
35613,101,99
35614,101,99
35615,101,99
35616,101,99
35617,101,99
35618,101,99
35619,101,99
35620,101,99
35621,101,99
35622,101,99
35623,101,99
35624,101,99
35625,101,99
35626,101,99
35627,101,99
35628,101,99
35629,101,99
35630,101,99
35631,101,99
35632,101,99
35633,101,99
35634,101,99
35635,101,99
35636,101,99
35637,101,99
35638,101,99
35639,101,99
35640,101,99
35641,101,99
35642,101,99
35643,101,99
35644,101,99
35645,101,99
35646,101,99
35647,101,99
35648,101,99
35649,101,99
35650,101,99
35651,101,99
35652,101,99
35653,101,99
35654,101,99
35655,101,99
35656,101,99
35657,101,99
35658,101,99
35659,101,99
35660,101,99
35661,101,99
35662,101,99
35663,101,99
35664,101,99
35665,101,99
35666,101,99
35667,101,99
35668,101,99
35669,101,99
35670,101,99
35671,101,99
35672,101,99
35673,101,99
35674,101,99
35675,101,99
35676,101,99
35677,101,99
35678,101,99
35679,101,99
35680,101,99
35681,101,99
35682,101,99
35683,101,99
35684,101,99
35685,101,99
35686,101,99
35687,101,99
35688,101,99
35689,101,99
35690,101,99
35691,101,99
35692,101,99
35693,101,99
35694,101,99
35695,101,99
35696,101,99
35697,101,99
35698,101,99
35699,101,99
35700,101,99
35701,101,99
35702,101,99
35703,101,99
35704,101,99
35705,101,99
35706,101,99
35707,101,99
35708,101,99
35709,101,99
35710,101,99
35711,101,99
35712,101,99
35713,101,99
35714,101,99
35715,101,99
35716,101,99
35717,101,99
35718,101,99
35719,101,99
35720,101,99
35721,101,99
35722,101,99
35723,101,99
35724,101,99
35725,101,99
35726,101,99
35727,101,99
35728,101,99
35729,101,99
35730,101,99
35731,101,99
35732,101,99
35733,101,99
35734,101,99
35735,101,99
35736,101,99
35737,101,99
35738,101,99
35739,101,99
35740,101,99
35741,101,99
35742,101,99
35743,101,99
35744,101,99
35745,101,99
35746,101,99
35747,101,99
35748,101,99
35749,101,99
35750,101,99
35751,101,99
35752,101,99
35753,101,99
35754,101,99
35755,101,99
35756,101,99
35757,101,99
35758,101,99
35759,101,99
35760,101,99
35761,101,99
35762,101,99
35763,101,99
35764,101,99
35765,101,99
35766,101,99
35767,101,99
35768,101,99
35769,101,99
35770,101,99
35771,101,99
35772,101,99
35773,101,99
35774,101,99
35775,101,99
35776,101,99
35777,101,99
35778,101,99
35779,101,99
35780,101,99
35781,101,99
35782,101,99
35783,101,99
35784,101,99
35785,101,99
35786,101,99
35787,101,99
35788,101,99
35789,101,99
35790,101,99
35791,101,99
35792,101,99
35793,101,99
35794,101,99
35795,101,99
35796,101,99
35797,101,99
35798,101,99
35799,101,99
35800,101,99
35801,101,99
35802,101,99
35803,101,99
35804,101,99
35805,101,99
35806,101,99
35807,101,99
35808,101,99
35809,101,99
35810,101,99
35811,101,99
35812,101,99
35813,101,99
35814,101,99
35815,101,99
35816,101,99
35817,101,99
35818,101,99
35819,101,99
35820,101,99
35821,101,99
35822,101,99
35823,101,99
35824,101,99
35825,101,99
35826,101,99
35827,101,99
35828,101,99
35829,101,99
35830,101,99
35831,101,99
35832,101,99
35833,101,99
35834,101,99
35835,101,99
35836,101,99
35837,101,99
35838,101,99
35839,101,99
35840,101,99
35841,101,99
35842,101,99
35843,101,99
35844,101,99
35845,101,99
35846,101,99
35847,101,99
35848,101,99
35849,101,99
35850,101,99
35851,101,99
35852,101,99
35853,101,99
35854,101,99
35855,101,99
35856,101,99
35857,101,99
35858,101,99
35859,101,99
35860,101,99
35861,101,99
35862,101,99
35863,101,99
35864,101,99
35865,101,99
35866,101,99
35867,101,99
35868,101,99
35869,101,99
35870,101,99
35871,101,99
35872,101,99
35873,101,99
35874,101,99
35875,101,99
35876,101,99
35877,101,99
35878,101,99
35879,101,99
35880,101,99
35881,101,99
35882,101,99
35883,101,99
35884,101,99
35885,101,99
35886,101,99
35887,101,99
35888,101,99
35889,101,99
35890,101,99
35891,101,99
35892,101,99
35893,101,99
35894,101,99
35895,101,99
35896,101,99
35897,101,99
35898,101,99
35899,101,99
35900,102,98
35901,102,98
35902,102,98
35903,102,98
35904,102,98
35905,102,98
35906,102,98
35907,102,98
35908,102,98
35909,102,98
35910,102,98
35911,102,98
35912,102,98
35913,102,98
35914,102,98
35915,102,98
35916,102,98
35917,102,98
35918,102,98
35919,102,98
35920,102,98
35921,102,98
35922,102,98
35923,102,98
35924,102,98
35925,102,98
35926,102,98
35927,102,98
35928,102,98
35929,102,98
35930,102,98
35931,102,98
35932,102,98
35933,102,98
35934,102,98
35935,102,98
35936,102,98
35937,102,98
35938,102,98
35939,102,98
35940,102,98
35941,102,98
35942,102,98
35943,102,98
35944,102,98
35945,102,98
35946,102,98
35947,102,98
35948,102,98
35949,102,98
35950,102,98
35951,102,98
35952,102,98
35953,102,98
35954,102,98
35955,102,98
35956,102,98
35957,102,98
35958,102,98
35959,102,98
35960,102,98
35961,102,98
35962,102,98
35963,102,98
35964,102,98
35965,102,98
35966,102,98
35967,102,98
35968,102,98
35969,102,98
35970,102,98
35971,102,98
35972,102,98
35973,102,98
35974,102,98
35975,102,98
35976,102,98
35977,102,98
35978,102,98
35979,102,98
35980,102,98
35981,102,98
35982,102,98
35983,102,98
35984,102,98
35985,102,98
35986,102,98
35987,102,98
35988,102,98
35989,102,98
35990,102,98
35991,102,98
35992,102,98
35993,102,98
35994,102,98
35995,102,98
35996,102,98
35997,102,98
35998,102,98
35999,102,98
36000,101,99
36001,101,99
36002,101,99
36003,101,99
36004,101,99
36005,101,99
36006,101,99
36007,101,99
36008,101,99
36009,101,99
36010,101,99
36011,101,99
36012,101,99
36013,101,99
36014,101,99
36015,101,99
36016,101,99
36017,101,99
36018,101,99
36019,101,99
36020,101,99
36021,101,99
36022,101,99
36023,101,99
36024,101,99
36025,101,99
36026,101,99
36027,101,99
36028,101,99
36029,101,99
36030,101,99
36031,101,99
36032,101,99
36033,101,99
36034,101,99
36035,101,99
36036,101,99
36037,101,99
36038,101,99
36039,101,99
36040,101,99
36041,101,99
36042,101,99
36043,101,99
36044,101,99
36045,101,99
36046,101,99
36047,101,99
36048,101,99
36049,101,99
36050,101,99
36051,101,99
36052,101,99
36053,101,99
36054,101,99
36055,101,99
36056,101,99
36057,101,99
36058,101,99
36059,101,99
36060,101,99
36061,101,99
36062,101,99
36063,101,99
36064,101,99
36065,101,99
36066,101,99
36067,101,99
36068,101,99
36069,101,99
36070,101,99
36071,101,99
36072,101,99
36073,101,99
36074,101,99
36075,101,99
36076,101,99
36077,101,99
36078,101,99
36079,101,99
36080,101,99
36081,101,99
36082,101,99
36083,101,99
36084,101,99
36085,101,99
36086,101,99
36087,101,99
36088,101,99
36089,101,99
36090,101,99
36091,101,99
36092,101,99
36093,101,99
36094,101,99
36095,101,99
36096,101,99
36097,101,99
36098,101,99
36099,101,99
36100,101,99
36101,101,99
36102,101,99
36103,101,99
36104,101,99
36105,101,99
36106,101,99
36107,101,99
36108,101,99
36109,101,99
36110,101,99
36111,101,99
36112,101,99
36113,101,99
36114,101,99
36115,101,99
36116,101,99
36117,101,99
36118,101,99
36119,101,99
36120,101,99
36121,101,99
36122,101,99
36123,101,99
36124,101,99
36125,101,99
36126,101,99
36127,101,99
36128,101,99
36129,101,99
36130,101,99
36131,101,99
36132,101,99
36133,101,99
36134,101,99
36135,101,99
36136,101,99
36137,101,99
36138,101,99
36139,101,99
36140,101,99
36141,101,99
36142,101,99
36143,101,99
36144,101,99
36145,101,99
36146,101,99
36147,101,99
36148,101,99
36149,101,99
36150,101,99
36151,101,99
36152,101,99
36153,101,99
36154,101,99
36155,101,99
36156,101,99
36157,101,99
36158,101,99
36159,101,99
36160,101,99
36161,101,99
36162,101,99
36163,101,99
36164,101,99
36165,101,99
36166,101,99
36167,101,99
36168,101,99
36169,101,99
36170,101,99
36171,101,99
36172,101,99
36173,101,99
36174,101,99
36175,101,99
36176,101,99
36177,101,99
36178,101,99
36179,101,99
36180,101,99
36181,101,99
36182,101,99
36183,101,99
36184,101,99
36185,101,99
36186,101,99
36187,101,99
36188,101,99
36189,101,99
36190,101,99
36191,101,99
36192,101,99
36193,101,99
36194,101,99
36195,101,99
36196,101,99
36197,101,99
36198,101,99
36199,101,99
36200,101,99
36201,101,99
36202,101,99
36203,101,99
36204,101,99
36205,101,99
36206,101,99
36207,101,99
36208,101,99
36209,101,99
36210,101,99
36211,101,99
36212,101,99
36213,101,99
36214,101,99
36215,101,99
36216,101,99
36217,101,99
36218,101,99
36219,101,99
36220,101,99
36221,101,99
36222,101,99
36223,101,99
36224,101,99
36225,101,99
36226,101,99
36227,101,99
36228,101,99
36229,101,99
36230,101,99
36231,101,99
36232,101,99
36233,101,99
36234,101,99
36235,101,99
36236,101,99
36237,101,99
36238,101,99
36239,101,99
36240,101,99
36241,101,99
36242,101,99
36243,101,99
36244,101,99
36245,101,99
36246,101,99
36247,101,99
36248,101,99
36249,101,99
36250,101,99
36251,101,99
36252,101,99
36253,101,99
36254,101,99
36255,101,99
36256,101,99
36257,101,99
36258,101,99
36259,101,99
36260,101,99
36261,101,99
36262,101,99
36263,101,99
36264,101,99
36265,101,99
36266,101,99
36267,101,99
36268,101,99
36269,101,99
36270,101,99
36271,101,99
36272,101,99
36273,101,99
36274,101,99
36275,101,99
36276,101,99
36277,101,99
36278,101,99
36279,101,99
36280,101,99
36281,101,99
36282,101,99
36283,101,99
36284,101,99
36285,101,99
36286,101,99
36287,101,99
36288,101,99
36289,101,99
36290,101,99
36291,101,99
36292,101,99
36293,101,99
36294,101,99
36295,101,99
36296,101,99
36297,101,99
36298,101,99
36299,101,99
36300,101,99
36301,101,99
36302,101,99
36303,101,99
36304,101,99
36305,101,99
36306,101,99
36307,101,99
36308,101,99
36309,101,99
36310,101,99
36311,101,99
36312,101,99
36313,101,99
36314,101,99
36315,101,99
36316,101,99
36317,101,99
36318,101,99
36319,101,99
36320,101,99
36321,101,99
36322,101,99
36323,101,99
36324,101,99
36325,101,99
36326,101,99
36327,101,99
36328,101,99
36329,101,99
36330,101,99
36331,101,99
36332,101,99
36333,101,99
36334,101,99
36335,101,99
36336,101,99
36337,101,99
36338,101,99
36339,101,99
36340,101,99
36341,101,99
36342,101,99
36343,101,99
36344,101,99
36345,101,99
36346,101,99
36347,101,99
36348,101,99
36349,101,99
36350,101,99
36351,101,99
36352,101,99
36353,101,99
36354,101,99
36355,101,99
36356,101,99
36357,101,99
36358,101,99
36359,101,99
36360,101,99
36361,101,99
36362,101,99
36363,101,99
36364,101,99
36365,101,99
36366,101,99
36367,101,99
36368,101,99
36369,101,99
36370,101,99
36371,101,99
36372,101,99
36373,101,99
36374,101,99
36375,101,99
36376,101,99
36377,101,99
36378,101,99
36379,101,99
36380,101,99
36381,101,99
36382,101,99
36383,101,99
36384,101,99
36385,101,99
36386,101,99
36387,101,99
36388,101,99
36389,101,99
36390,101,99
36391,101,99
36392,101,99
36393,101,99
36394,101,99
36395,101,99
36396,101,99
36397,101,99
36398,101,99
36399,101,99
36400,101,99
36401,101,99
36402,101,99
36403,101,99
36404,101,99
36405,101,99
36406,101,99
36407,101,99
36408,101,99
36409,101,99
36410,101,99
36411,101,99
36412,101,99
36413,101,99
36414,101,99
36415,101,99
36416,101,99
36417,101,99
36418,101,99
36419,101,99
36420,101,99
36421,101,99
36422,101,99
36423,101,99
36424,101,99
36425,101,99
36426,101,99
36427,101,99
36428,101,99
36429,101,99
36430,101,99
36431,101,99
36432,101,99
36433,101,99
36434,101,99
36435,101,99
36436,101,99
36437,101,99
36438,101,99
36439,101,99
36440,101,99
36441,101,99
36442,101,99
36443,101,99
36444,101,99
36445,101,99
36446,101,99
36447,101,99
36448,101,99
36449,101,99
36450,101,99
36451,101,99
36452,101,99
36453,101,99
36454,101,99
36455,101,99
36456,101,99
36457,101,99
36458,101,99
36459,101,99
36460,101,99
36461,101,99
36462,101,99
36463,101,99
36464,101,99
36465,101,99
36466,101,99
36467,101,99
36468,101,99
36469,101,99
36470,101,99
36471,101,99
36472,101,99
36473,101,99
36474,101,99
36475,101,99
36476,101,99
36477,101,99
36478,101,99
36479,101,99
36480,101,99
36481,101,99
36482,101,99
36483,101,99
36484,101,99
36485,101,99
36486,101,99
36487,101,99
36488,101,99
36489,101,99
36490,101,99
36491,101,99
36492,101,99
36493,101,99
36494,101,99
36495,101,99
36496,101,99
36497,101,99
36498,101,99
36499,101,99
36500,101,99
36501,101,99
36502,101,99
36503,101,99
36504,101,99
36505,101,99
36506,101,99
36507,101,99
36508,101,99
36509,101,99
36510,101,99
36511,101,99
36512,101,99
36513,101,99
36514,101,99
36515,101,99
36516,101,99
36517,101,99
36518,101,99
36519,101,99
36520,101,99
36521,101,99
36522,101,99
36523,101,99
36524,101,99
36525,101,99
36526,101,99
36527,101,99
36528,101,99
36529,101,99
36530,101,99
36531,101,99
36532,101,99
36533,101,99
36534,101,99
36535,101,99
36536,101,99
36537,101,99
36538,101,99
36539,101,99
36540,101,99
36541,101,99
36542,101,99
36543,101,99
36544,101,99
36545,101,99
36546,101,99
36547,101,99
36548,101,99
36549,101,99
36550,101,99
36551,101,99
36552,101,99
36553,101,99
36554,101,99
36555,101,99
36556,101,99
36557,101,99
36558,101,99
36559,101,99
36560,101,99
36561,101,99
36562,101,99
36563,101,99
36564,101,99
36565,101,99
36566,101,99
36567,101,99
36568,101,99
36569,101,99
36570,101,99
36571,101,99
36572,101,99
36573,101,99
36574,101,99
36575,101,99
36576,101,99
36577,101,99
36578,101,99
36579,101,99
36580,101,99
36581,101,99
36582,101,99
36583,101,99
36584,101,99
36585,101,99
36586,101,99
36587,101,99
36588,101,99
36589,101,99
36590,101,99
36591,101,99
36592,101,99
36593,101,99
36594,101,99
36595,101,99
36596,101,99
36597,101,99
36598,101,99
36599,101,99
36600,101,99
36601,101,99
36602,101,99
36603,101,99
36604,101,99
36605,101,99
36606,101,99
36607,101,99
36608,101,99
36609,101,99
36610,101,99
36611,101,99
36612,101,99
36613,101,99
36614,101,99
36615,101,99
36616,101,99
36617,101,99
36618,101,99
36619,101,99
36620,101,99
36621,101,99
36622,101,99
36623,101,99
36624,101,99
36625,101,99
36626,101,99
36627,101,99
36628,101,99
36629,101,99
36630,101,99
36631,101,99
36632,101,99
36633,101,99
36634,101,99
36635,101,99
36636,101,99
36637,101,99
36638,101,99
36639,101,99
36640,101,99
36641,101,99
36642,101,99
36643,101,99
36644,101,99
36645,101,99
36646,101,99
36647,101,99
36648,101,99
36649,101,99
36650,101,99
36651,101,99
36652,101,99
36653,101,99
36654,101,99
36655,101,99
36656,101,99
36657,101,99
36658,101,99
36659,101,99
36660,101,99
36661,101,99
36662,101,99
36663,101,99
36664,101,99
36665,101,99
36666,101,99
36667,101,99
36668,101,99
36669,101,99
36670,101,99
36671,101,99
36672,101,99
36673,101,99
36674,101,99
36675,101,99
36676,101,99
36677,101,99
36678,101,99
36679,101,99
36680,101,99
36681,101,99
36682,101,99
36683,101,99
36684,101,99
36685,101,99
36686,101,99
36687,101,99
36688,101,99
36689,101,99
36690,101,99
36691,101,99
36692,101,99
36693,101,99
36694,101,99
36695,101,99
36696,101,99
36697,101,99
36698,101,99
36699,101,99
36700,101,99
36701,101,99
36702,101,99
36703,101,99
36704,101,99
36705,101,99
36706,101,99
36707,101,99
36708,101,99
36709,101,99
36710,101,99
36711,101,99
36712,101,99
36713,101,99
36714,101,99
36715,101,99
36716,101,99
36717,101,99
36718,101,99
36719,101,99
36720,101,99
36721,101,99
36722,101,99
36723,101,99
36724,101,99
36725,101,99
36726,101,99
36727,101,99
36728,101,99
36729,101,99
36730,101,99
36731,101,99
36732,101,99
36733,101,99
36734,101,99
36735,101,99
36736,101,99
36737,101,99
36738,101,99
36739,101,99
36740,101,99
36741,101,99
36742,101,99
36743,101,99
36744,101,99
36745,101,99
36746,101,99
36747,101,99
36748,101,99
36749,101,99
36750,101,99
36751,101,99
36752,101,99
36753,101,99
36754,101,99
36755,101,99
36756,101,99
36757,101,99
36758,101,99
36759,101,99
36760,101,99
36761,101,99
36762,101,99
36763,101,99
36764,101,99
36765,101,99
36766,101,99
36767,101,99
36768,101,99
36769,101,99
36770,101,99
36771,101,99
36772,101,99
36773,101,99
36774,101,99
36775,101,99
36776,101,99
36777,101,99
36778,101,99
36779,101,99
36780,101,99
36781,101,99
36782,101,99
36783,101,99
36784,101,99
36785,101,99
36786,101,99
36787,101,99
36788,101,99
36789,101,99
36790,101,99
36791,101,99
36792,101,99
36793,101,99
36794,101,99
36795,101,99
36796,101,99
36797,101,99
36798,101,99
36799,101,99
36800,101,99
36801,101,99
36802,101,99
36803,101,99
36804,101,99
36805,101,99
36806,101,99
36807,101,99
36808,101,99
36809,101,99
36810,101,99
36811,101,99
36812,101,99
36813,101,99
36814,101,99
36815,101,99
36816,101,99
36817,101,99
36818,101,99
36819,101,99
36820,101,99
36821,101,99
36822,101,99
36823,101,99
36824,101,99
36825,101,99
36826,101,99
36827,101,99
36828,101,99
36829,101,99
36830,101,99
36831,101,99
36832,101,99
36833,101,99
36834,101,99
36835,101,99
36836,101,99
36837,101,99
36838,101,99
36839,101,99
36840,101,99
36841,101,99
36842,101,99
36843,101,99
36844,101,99
36845,101,99
36846,101,99
36847,101,99
36848,101,99
36849,101,99
36850,101,99
36851,101,99
36852,101,99
36853,101,99
36854,101,99
36855,101,99
36856,101,99
36857,101,99
36858,101,99
36859,101,99
36860,101,99
36861,101,99
36862,101,99
36863,101,99
36864,101,99
36865,101,99
36866,101,99
36867,101,99
36868,101,99
36869,101,99
36870,101,99
36871,101,99
36872,101,99
36873,101,99
36874,101,99
36875,101,99
36876,101,99
36877,101,99
36878,101,99
36879,101,99
36880,101,99
36881,101,99
36882,101,99
36883,101,99
36884,101,99
36885,101,99
36886,101,99
36887,101,99
36888,101,99
36889,101,99
36890,101,99
36891,101,99
36892,101,99
36893,101,99
36894,101,99
36895,101,99
36896,101,99
36897,101,99
36898,101,99
36899,101,99
36900,101,99
36901,101,99
36902,101,99
36903,101,99
36904,101,99
36905,101,99
36906,101,99
36907,101,99
36908,101,99
36909,101,99
36910,101,99
36911,101,99
36912,101,99
36913,101,99
36914,101,99
36915,101,99
36916,101,99
36917,101,99
36918,101,99
36919,101,99
36920,101,99
36921,101,99
36922,101,99
36923,101,99
36924,101,99
36925,101,99
36926,101,99
36927,101,99
36928,101,99
36929,101,99
36930,101,99
36931,101,99
36932,101,99
36933,101,99
36934,101,99
36935,101,99
36936,101,99
36937,101,99
36938,101,99
36939,101,99
36940,101,99
36941,101,99
36942,101,99
36943,101,99
36944,101,99
36945,101,99
36946,101,99
36947,101,99
36948,101,99
36949,101,99
36950,101,99
36951,101,99
36952,101,99
36953,101,99
36954,101,99
36955,101,99
36956,101,99
36957,101,99
36958,101,99
36959,101,99
36960,101,99
36961,101,99
36962,101,99
36963,101,99
36964,101,99
36965,101,99
36966,101,99
36967,101,99
36968,101,99
36969,101,99
36970,101,99
36971,101,99
36972,101,99
36973,101,99
36974,101,99
36975,101,99
36976,101,99
36977,101,99
36978,101,99
36979,101,99
36980,101,99
36981,101,99
36982,101,99
36983,101,99
36984,101,99
36985,101,99
36986,101,99
36987,101,99
36988,101,99
36989,101,99
36990,101,99
36991,101,99
36992,101,99
36993,101,99
36994,101,99
36995,101,99
36996,101,99
36997,101,99
36998,101,99
36999,101,99
37000,101,99
37001,101,99
37002,101,99
37003,101,99
37004,101,99
37005,101,99
37006,101,99
37007,101,99
37008,101,99
37009,101,99
37010,101,99
37011,101,99
37012,101,99
37013,101,99
37014,101,99
37015,101,99
37016,101,99
37017,101,99
37018,101,99
37019,101,99
37020,101,99
37021,101,99
37022,101,99
37023,101,99
37024,101,99
37025,101,99
37026,101,99
37027,101,99
37028,101,99
37029,101,99
37030,101,99
37031,101,99
37032,101,99
37033,101,99
37034,101,99
37035,101,99
37036,101,99
37037,101,99
37038,101,99
37039,101,99
37040,101,99
37041,101,99
37042,101,99
37043,101,99
37044,101,99
37045,101,99
37046,101,99
37047,101,99
37048,101,99
37049,101,99
37050,101,99
37051,101,99
37052,101,99
37053,101,99
37054,101,99
37055,101,99
37056,101,99
37057,101,99
37058,101,99
37059,101,99
37060,101,99
37061,101,99
37062,101,99
37063,101,99
37064,101,99
37065,101,99
37066,101,99
37067,101,99
37068,101,99
37069,101,99
37070,101,99
37071,101,99
37072,101,99
37073,101,99
37074,101,99
37075,101,99
37076,101,99
37077,101,99
37078,101,99
37079,101,99
37080,101,99
37081,101,99
37082,101,99
37083,101,99
37084,101,99
37085,101,99
37086,101,99
37087,101,99
37088,101,99
37089,101,99
37090,101,99
37091,101,99
37092,101,99
37093,101,99
37094,101,99
37095,101,99
37096,101,99
37097,101,99
37098,101,99
37099,101,99
37100,101,99
37101,101,99
37102,101,99
37103,101,99
37104,101,99
37105,101,99
37106,101,99
37107,101,99
37108,101,99
37109,101,99
37110,101,99
37111,101,99
37112,101,99
37113,101,99
37114,101,99
37115,101,99
37116,101,99
37117,101,99
37118,101,99
37119,101,99
37120,101,99
37121,101,99
37122,101,99
37123,101,99
37124,101,99
37125,101,99
37126,101,99
37127,101,99
37128,101,99
37129,101,99
37130,101,99
37131,101,99
37132,101,99
37133,101,99
37134,101,99
37135,101,99
37136,101,99
37137,101,99
37138,101,99
37139,101,99
37140,101,99
37141,101,99
37142,101,99
37143,101,99
37144,101,99
37145,101,99
37146,101,99
37147,101,99
37148,101,99
37149,101,99
37150,101,99
37151,101,99
37152,101,99
37153,101,99
37154,101,99
37155,101,99
37156,101,99
37157,101,99
37158,101,99
37159,101,99
37160,101,99
37161,101,99
37162,101,99
37163,101,99
37164,101,99
37165,101,99
37166,101,99
37167,101,99
37168,101,99
37169,101,99
37170,101,99
37171,101,99
37172,101,99
37173,101,99
37174,101,99
37175,101,99
37176,101,99
37177,101,99
37178,101,99
37179,101,99
37180,101,99
37181,101,99
37182,101,99
37183,101,99
37184,101,99
37185,101,99
37186,101,99
37187,101,99
37188,101,99
37189,101,99
37190,101,99
37191,101,99
37192,101,99
37193,101,99
37194,101,99
37195,101,99
37196,101,99
37197,101,99
37198,101,99
37199,101,99
37200,101,99
37201,101,99
37202,101,99
37203,101,99
37204,101,99
37205,101,99
37206,101,99
37207,101,99
37208,101,99
37209,101,99
37210,101,99
37211,101,99
37212,101,99
37213,101,99
37214,101,99
37215,101,99
37216,101,99
37217,101,99
37218,101,99
37219,101,99
37220,101,99
37221,101,99
37222,101,99
37223,101,99
37224,101,99
37225,101,99
37226,101,99
37227,101,99
37228,101,99
37229,101,99
37230,101,99
37231,101,99
37232,101,99
37233,101,99
37234,101,99
37235,101,99
37236,101,99
37237,101,99
37238,101,99
37239,101,99
37240,101,99
37241,101,99
37242,101,99
37243,101,99
37244,101,99
37245,101,99
37246,101,99
37247,101,99
37248,101,99
37249,101,99
37250,101,99
37251,101,99
37252,101,99
37253,101,99
37254,101,99
37255,101,99
37256,101,99
37257,101,99
37258,101,99
37259,101,99
37260,101,99
37261,101,99
37262,101,99
37263,101,99
37264,101,99
37265,101,99
37266,101,99
37267,101,99
37268,101,99
37269,101,99
37270,101,99
37271,101,99
37272,101,99
37273,101,99
37274,101,99
37275,101,99
37276,101,99
37277,101,99
37278,101,99
37279,101,99
37280,101,99
37281,101,99
37282,101,99
37283,101,99
37284,101,99
37285,101,99
37286,101,99
37287,101,99
37288,101,99
37289,101,99
37290,101,99
37291,101,99
37292,101,99
37293,101,99
37294,101,99
37295,101,99
37296,101,99
37297,101,99
37298,101,99
37299,101,99
37300,101,99
37301,101,99
37302,101,99
37303,101,99
37304,101,99
37305,101,99
37306,101,99
37307,101,99
37308,101,99
37309,101,99
37310,101,99
37311,101,99
37312,101,99
37313,101,99
37314,101,99
37315,101,99
37316,101,99
37317,101,99
37318,101,99
37319,101,99
37320,101,99
37321,101,99
37322,101,99
37323,101,99
37324,101,99
37325,101,99
37326,101,99
37327,101,99
37328,101,99
37329,101,99
37330,101,99
37331,101,99
37332,101,99
37333,101,99
37334,101,99
37335,101,99
37336,101,99
37337,101,99
37338,101,99
37339,101,99
37340,101,99
37341,101,99
37342,101,99
37343,101,99
37344,101,99
37345,101,99
37346,101,99
37347,101,99
37348,101,99
37349,101,99
37350,101,99
37351,101,99
37352,101,99
37353,101,99
37354,101,99
37355,101,99
37356,101,99
37357,101,99
37358,101,99
37359,101,99
37360,101,99
37361,101,99
37362,101,99
37363,101,99
37364,101,99
37365,101,99
37366,101,99
37367,101,99
37368,101,99
37369,101,99
37370,101,99
37371,101,99
37372,101,99
37373,101,99
37374,101,99
37375,101,99
37376,101,99
37377,101,99
37378,101,99
37379,101,99
37380,101,99
37381,101,99
37382,101,99
37383,101,99
37384,101,99
37385,101,99
37386,101,99
37387,101,99
37388,101,99
37389,101,99
37390,101,99
37391,101,99
37392,101,99
37393,101,99
37394,101,99
37395,101,99
37396,101,99
37397,101,99
37398,101,99
37399,101,99
37400,101,99
37401,101,99
37402,101,99
37403,101,99
37404,101,99
37405,101,99
37406,101,99
37407,101,99
37408,101,99
37409,101,99
37410,101,99
37411,101,99
37412,101,99
37413,101,99
37414,101,99
37415,101,99
37416,101,99
37417,101,99
37418,101,99
37419,101,99
37420,101,99
37421,101,99
37422,101,99
37423,101,99
37424,101,99
37425,101,99
37426,101,99
37427,101,99
37428,101,99
37429,101,99
37430,101,99
37431,101,99
37432,101,99
37433,101,99
37434,101,99
37435,101,99
37436,101,99
37437,101,99
37438,101,99
37439,101,99
37440,101,99
37441,101,99
37442,101,99
37443,101,99
37444,101,99
37445,101,99
37446,101,99
37447,101,99
37448,101,99
37449,101,99
37450,101,99
37451,101,99
37452,101,99
37453,101,99
37454,101,99
37455,101,99
37456,101,99
37457,101,99
37458,101,99
37459,101,99
37460,101,99
37461,101,99
37462,101,99
37463,101,99
37464,101,99
37465,101,99
37466,101,99
37467,101,99
37468,101,99
37469,101,99
37470,101,99
37471,101,99
37472,101,99
37473,101,99
37474,101,99
37475,101,99
37476,101,99
37477,101,99
37478,101,99
37479,101,99
37480,101,99
37481,101,99
37482,101,99
37483,101,99
37484,101,99
37485,101,99
37486,101,99
37487,101,99
37488,101,99
37489,101,99
37490,101,99
37491,101,99
37492,101,99
37493,101,99
37494,101,99
37495,101,99
37496,101,99
37497,101,99
37498,101,99
37499,101,99
37500,101,99
37501,101,99
37502,101,99
37503,101,99
37504,101,99
37505,101,99
37506,101,99
37507,101,99
37508,101,99
37509,101,99
37510,101,99
37511,101,99
37512,101,99
37513,101,99
37514,101,99
37515,101,99
37516,101,99
37517,101,99
37518,101,99
37519,101,99
37520,101,99
37521,101,99
37522,101,99
37523,101,99
37524,101,99
37525,101,99
37526,101,99
37527,101,99
37528,101,99
37529,101,99
37530,101,99
37531,101,99
37532,101,99
37533,101,99
37534,101,99
37535,101,99
37536,101,99
37537,101,99
37538,101,99
37539,101,99
37540,101,99
37541,101,99
37542,101,99
37543,101,99
37544,101,99
37545,101,99
37546,101,99
37547,101,99
37548,101,99
37549,101,99
37550,101,99
37551,101,99
37552,101,99
37553,101,99
37554,101,99
37555,101,99
37556,101,99
37557,101,99
37558,101,99
37559,101,99
37560,101,99
37561,101,99
37562,101,99
37563,101,99
37564,101,99
37565,101,99
37566,101,99
37567,101,99
37568,101,99
37569,101,99
37570,101,99
37571,101,99
37572,101,99
37573,101,99
37574,101,99
37575,101,99
37576,101,99
37577,101,99
37578,101,99
37579,101,99
37580,101,99
37581,101,99
37582,101,99
37583,101,99
37584,101,99
37585,101,99
37586,101,99
37587,101,99
37588,101,99
37589,101,99
37590,101,99
37591,101,99
37592,101,99
37593,101,99
37594,101,99
37595,101,99
37596,101,99
37597,101,99
37598,101,99
37599,101,99
37600,101,99
37601,101,99
37602,101,99
37603,101,99
37604,101,99
37605,101,99
37606,101,99
37607,101,99
37608,101,99
37609,101,99
37610,101,99
37611,101,99
37612,101,99
37613,101,99
37614,101,99
37615,101,99
37616,101,99
37617,101,99
37618,101,99
37619,101,99
37620,101,99
37621,101,99
37622,101,99
37623,101,99
37624,101,99
37625,101,99
37626,101,99
37627,101,99
37628,101,99
37629,101,99
37630,101,99
37631,101,99
37632,101,99
37633,101,99
37634,101,99
37635,101,99
37636,101,99
37637,101,99
37638,101,99
37639,101,99
37640,101,99
37641,101,99
37642,101,99
37643,101,99
37644,101,99
37645,101,99
37646,101,99
37647,101,99
37648,101,99
37649,101,99
37650,101,99
37651,101,99
37652,101,99
37653,101,99
37654,101,99
37655,101,99
37656,101,99
37657,101,99
37658,101,99
37659,101,99
37660,101,99
37661,101,99
37662,101,99
37663,101,99
37664,101,99
37665,101,99
37666,101,99
37667,101,99
37668,101,99
37669,101,99
37670,101,99
37671,101,99
37672,101,99
37673,101,99
37674,101,99
37675,101,99
37676,101,99
37677,101,99
37678,101,99
37679,101,99
37680,101,99
37681,101,99
37682,101,99
37683,101,99
37684,101,99
37685,101,99
37686,101,99
37687,101,99
37688,101,99
37689,101,99
37690,101,99
37691,101,99
37692,101,99
37693,101,99
37694,101,99
37695,101,99
37696,101,99
37697,101,99
37698,101,99
37699,101,99
37700,101,99
37701,101,99
37702,101,99
37703,101,99
37704,101,99
37705,101,99
37706,101,99
37707,101,99
37708,101,99
37709,101,99
37710,101,99
37711,101,99
37712,101,99
37713,101,99
37714,101,99
37715,101,99
37716,101,99
37717,101,99
37718,101,99
37719,101,99
37720,101,99
37721,101,99
37722,101,99
37723,101,99
37724,101,99
37725,101,99
37726,101,99
37727,101,99
37728,101,99
37729,101,99
37730,101,99
37731,101,99
37732,101,99
37733,101,99
37734,101,99
37735,101,99
37736,101,99
37737,101,99
37738,101,99
37739,101,99
37740,101,99
37741,101,99
37742,101,99
37743,101,99
37744,101,99
37745,101,99
37746,101,99
37747,101,99
37748,101,99
37749,101,99
37750,101,99
37751,101,99
37752,101,99
37753,101,99
37754,101,99
37755,101,99
37756,101,99
37757,101,99
37758,101,99
37759,101,99
37760,101,99
37761,101,99
37762,101,99
37763,101,99
37764,101,99
37765,101,99
37766,101,99
37767,101,99
37768,101,99
37769,101,99
37770,101,99
37771,101,99
37772,101,99
37773,101,99
37774,101,99
37775,101,99
37776,101,99
37777,101,99
37778,101,99
37779,101,99
37780,101,99
37781,101,99
37782,101,99
37783,101,99
37784,101,99
37785,101,99
37786,101,99
37787,101,99
37788,101,99
37789,101,99
37790,101,99
37791,101,99
37792,101,99
37793,101,99
37794,101,99
37795,101,99
37796,101,99
37797,101,99
37798,101,99
37799,101,99
37800,101,99
37801,101,99
37802,101,99
37803,101,99
37804,101,99
37805,101,99
37806,101,99
37807,101,99
37808,101,99
37809,101,99
37810,101,99
37811,101,99
37812,101,99
37813,101,99
37814,101,99
37815,101,99
37816,101,99
37817,101,99
37818,101,99
37819,101,99
37820,101,99
37821,101,99
37822,101,99
37823,101,99
37824,101,99
37825,101,99
37826,101,99
37827,101,99
37828,101,99
37829,101,99
37830,101,99
37831,101,99
37832,101,99
37833,101,99
37834,101,99
37835,101,99
37836,101,99
37837,101,99
37838,101,99
37839,101,99
37840,101,99
37841,101,99
37842,101,99
37843,101,99
37844,101,99
37845,101,99
37846,101,99
37847,101,99
37848,101,99
37849,101,99
37850,101,99
37851,101,99
37852,101,99
37853,101,99
37854,101,99
37855,101,99
37856,101,99
37857,101,99
37858,101,99
37859,101,99
37860,101,99
37861,101,99
37862,101,99
37863,101,99
37864,101,99
37865,101,99
37866,101,99
37867,101,99
37868,101,99
37869,101,99
37870,101,99
37871,101,99
37872,101,99
37873,101,99
37874,101,99
37875,101,99
37876,101,99
37877,101,99
37878,101,99
37879,101,99
37880,101,99
37881,101,99
37882,101,99
37883,101,99
37884,101,99
37885,101,99
37886,101,99
37887,101,99
37888,101,99
37889,101,99
37890,101,99
37891,101,99
37892,101,99
37893,101,99
37894,101,99
37895,101,99
37896,101,99
37897,101,99
37898,101,99
37899,101,99
37900,100,100
37901,100,100
37902,100,100
37903,100,100
37904,100,100
37905,100,100
37906,100,100
37907,100,100
37908,100,100
37909,100,100
37910,100,100
37911,100,100
37912,100,100
37913,100,100
37914,100,100
37915,100,100
37916,100,100
37917,100,100
37918,100,100
37919,100,100
37920,100,100
37921,100,100
37922,100,100
37923,100,100
37924,100,100
37925,100,100
37926,100,100
37927,100,100
37928,100,100
37929,100,100
37930,100,100
37931,100,100
37932,100,100
37933,100,100
37934,100,100
37935,100,100
37936,100,100
37937,100,100
37938,100,100
37939,100,100
37940,100,100
37941,100,100
37942,100,100
37943,100,100
37944,100,100
37945,100,100
37946,100,100
37947,100,100
37948,100,100
37949,100,100
37950,100,100
37951,100,100
37952,100,100
37953,100,100
37954,100,100
37955,100,100
37956,100,100
37957,100,100
37958,100,100
37959,100,100
37960,100,100
37961,100,100
37962,100,100
37963,100,100
37964,100,100
37965,100,100
37966,100,100
37967,100,100
37968,100,100
37969,100,100
37970,100,100
37971,100,100
37972,100,100
37973,100,100
37974,100,100
37975,100,100
37976,100,100
37977,100,100
37978,100,100
37979,100,100
37980,100,100
37981,100,100
37982,100,100
37983,100,100
37984,100,100
37985,100,100
37986,100,100
37987,100,100
37988,100,100
37989,100,100
37990,100,100
37991,100,100
37992,100,100
37993,100,100
37994,100,100
37995,100,100
37996,100,100
37997,100,100
37998,100,100
37999,100,100
38000,101,99
38001,101,99
38002,101,99
38003,101,99
38004,101,99
38005,101,99
38006,101,99
38007,101,99
38008,101,99
38009,101,99
38010,101,99
38011,101,99
38012,101,99
38013,101,99
38014,101,99
38015,101,99
38016,101,99
38017,101,99
38018,101,99
38019,101,99
38020,101,99
38021,101,99
38022,101,99
38023,101,99
38024,101,99
38025,101,99
38026,101,99
38027,101,99
38028,101,99
38029,101,99
38030,101,99
38031,101,99
38032,101,99
38033,101,99
38034,101,99
38035,101,99
38036,101,99
38037,101,99
38038,101,99
38039,101,99
38040,101,99
38041,101,99
38042,101,99
38043,101,99
38044,101,99
38045,101,99
38046,101,99
38047,101,99
38048,101,99
38049,101,99
38050,101,99
38051,101,99
38052,101,99
38053,101,99
38054,101,99
38055,101,99
38056,101,99
38057,101,99
38058,101,99
38059,101,99
38060,101,99
38061,101,99
38062,101,99
38063,101,99
38064,101,99
38065,101,99
38066,101,99
38067,101,99
38068,101,99
38069,101,99
38070,101,99
38071,101,99
38072,101,99
38073,101,99
38074,101,99
38075,101,99
38076,101,99
38077,101,99
38078,101,99
38079,101,99
38080,101,99
38081,101,99
38082,101,99
38083,101,99
38084,101,99
38085,101,99
38086,101,99
38087,101,99
38088,101,99
38089,101,99
38090,101,99
38091,101,99
38092,101,99
38093,101,99
38094,101,99
38095,101,99
38096,101,99
38097,101,99
38098,101,99
38099,101,99
38100,101,99
38101,101,99
38102,101,99
38103,101,99
38104,101,99
38105,101,99
38106,101,99
38107,101,99
38108,101,99
38109,101,99
38110,101,99
38111,101,99
38112,101,99
38113,101,99
38114,101,99
38115,101,99
38116,101,99
38117,101,99
38118,101,99
38119,101,99
38120,101,99
38121,101,99
38122,101,99
38123,101,99
38124,101,99
38125,101,99
38126,101,99
38127,101,99
38128,101,99
38129,101,99
38130,101,99
38131,101,99
38132,101,99
38133,101,99
38134,101,99
38135,101,99
38136,101,99
38137,101,99
38138,101,99
38139,101,99
38140,101,99
38141,101,99
38142,101,99
38143,101,99
38144,101,99
38145,101,99
38146,101,99
38147,101,99
38148,101,99
38149,101,99
38150,101,99
38151,101,99
38152,101,99
38153,101,99
38154,101,99
38155,101,99
38156,101,99
38157,101,99
38158,101,99
38159,101,99
38160,101,99
38161,101,99
38162,101,99
38163,101,99
38164,101,99
38165,101,99
38166,101,99
38167,101,99
38168,101,99
38169,101,99
38170,101,99
38171,101,99
38172,101,99
38173,101,99
38174,101,99
38175,101,99
38176,101,99
38177,101,99
38178,101,99
38179,101,99
38180,101,99
38181,101,99
38182,101,99
38183,101,99
38184,101,99
38185,101,99
38186,101,99
38187,101,99
38188,101,99
38189,101,99
38190,101,99
38191,101,99
38192,101,99
38193,101,99
38194,101,99
38195,101,99
38196,101,99
38197,101,99
38198,101,99
38199,101,99
38200,101,99
38201,101,99
38202,101,99
38203,101,99
38204,101,99
38205,101,99
38206,101,99
38207,101,99
38208,101,99
38209,101,99
38210,101,99
38211,101,99
38212,101,99
38213,101,99
38214,101,99
38215,101,99
38216,101,99
38217,101,99
38218,101,99
38219,101,99
38220,101,99
38221,101,99
38222,101,99
38223,101,99
38224,101,99
38225,101,99
38226,101,99
38227,101,99
38228,101,99
38229,101,99
38230,101,99
38231,101,99
38232,101,99
38233,101,99
38234,101,99
38235,101,99
38236,101,99
38237,101,99
38238,101,99
38239,101,99
38240,101,99
38241,101,99
38242,101,99
38243,101,99
38244,101,99
38245,101,99
38246,101,99
38247,101,99
38248,101,99
38249,101,99
38250,101,99
38251,101,99
38252,101,99
38253,101,99
38254,101,99
38255,101,99
38256,101,99
38257,101,99
38258,101,99
38259,101,99
38260,101,99
38261,101,99
38262,101,99
38263,101,99
38264,101,99
38265,101,99
38266,101,99
38267,101,99
38268,101,99
38269,101,99
38270,101,99
38271,101,99
38272,101,99
38273,101,99
38274,101,99
38275,101,99
38276,101,99
38277,101,99
38278,101,99
38279,101,99
38280,101,99
38281,101,99
38282,101,99
38283,101,99
38284,101,99
38285,101,99
38286,101,99
38287,101,99
38288,101,99
38289,101,99
38290,101,99
38291,101,99
38292,101,99
38293,101,99
38294,101,99
38295,101,99
38296,101,99
38297,101,99
38298,101,99
38299,101,99
38300,101,99
38301,101,99
38302,101,99
38303,101,99
38304,101,99
38305,101,99
38306,101,99
38307,101,99
38308,101,99
38309,101,99
38310,101,99
38311,101,99
38312,101,99
38313,101,99
38314,101,99
38315,101,99
38316,101,99
38317,101,99
38318,101,99
38319,101,99
38320,101,99
38321,101,99
38322,101,99
38323,101,99
38324,101,99
38325,101,99
38326,101,99
38327,101,99
38328,101,99
38329,101,99
38330,101,99
38331,101,99
38332,101,99
38333,101,99
38334,101,99
38335,101,99
38336,101,99
38337,101,99
38338,101,99
38339,101,99
38340,101,99
38341,101,99
38342,101,99
38343,101,99
38344,101,99
38345,101,99
38346,101,99
38347,101,99
38348,101,99
38349,101,99
38350,101,99
38351,101,99
38352,101,99
38353,101,99
38354,101,99
38355,101,99
38356,101,99
38357,101,99
38358,101,99
38359,101,99
38360,101,99
38361,101,99
38362,101,99
38363,101,99
38364,101,99
38365,101,99
38366,101,99
38367,101,99
38368,101,99
38369,101,99
38370,101,99
38371,101,99
38372,101,99
38373,101,99
38374,101,99
38375,101,99
38376,101,99
38377,101,99
38378,101,99
38379,101,99
38380,101,99
38381,101,99
38382,101,99
38383,101,99
38384,101,99
38385,101,99
38386,101,99
38387,101,99
38388,101,99
38389,101,99
38390,101,99
38391,101,99
38392,101,99
38393,101,99
38394,101,99
38395,101,99
38396,101,99
38397,101,99
38398,101,99
38399,101,99
38400,101,99
38401,101,99
38402,101,99
38403,101,99
38404,101,99
38405,101,99
38406,101,99
38407,101,99
38408,101,99
38409,101,99
38410,101,99
38411,101,99
38412,101,99
38413,101,99
38414,101,99
38415,101,99
38416,101,99
38417,101,99
38418,101,99
38419,101,99
38420,101,99
38421,101,99
38422,101,99
38423,101,99
38424,101,99
38425,101,99
38426,101,99
38427,101,99
38428,101,99
38429,101,99
38430,101,99
38431,101,99
38432,101,99
38433,101,99
38434,101,99
38435,101,99
38436,101,99
38437,101,99
38438,101,99
38439,101,99
38440,101,99
38441,101,99
38442,101,99
38443,101,99
38444,101,99
38445,101,99
38446,101,99
38447,101,99
38448,101,99
38449,101,99
38450,101,99
38451,101,99
38452,101,99
38453,101,99
38454,101,99
38455,101,99
38456,101,99
38457,101,99
38458,101,99
38459,101,99
38460,101,99
38461,101,99
38462,101,99
38463,101,99
38464,101,99
38465,101,99
38466,101,99
38467,101,99
38468,101,99
38469,101,99
38470,101,99
38471,101,99
38472,101,99
38473,101,99
38474,101,99
38475,101,99
38476,101,99
38477,101,99
38478,101,99
38479,101,99
38480,101,99
38481,101,99
38482,101,99
38483,101,99
38484,101,99
38485,101,99
38486,101,99
38487,101,99
38488,101,99
38489,101,99
38490,101,99
38491,101,99
38492,101,99
38493,101,99
38494,101,99
38495,101,99
38496,101,99
38497,101,99
38498,101,99
38499,101,99
38500,101,99
38501,101,99
38502,101,99
38503,101,99
38504,101,99
38505,101,99
38506,101,99
38507,101,99
38508,101,99
38509,101,99
38510,101,99
38511,101,99
38512,101,99
38513,101,99
38514,101,99
38515,101,99
38516,101,99
38517,101,99
38518,101,99
38519,101,99
38520,101,99
38521,101,99
38522,101,99
38523,101,99
38524,101,99
38525,101,99
38526,101,99
38527,101,99
38528,101,99
38529,101,99
38530,101,99
38531,101,99
38532,101,99
38533,101,99
38534,101,99
38535,101,99
38536,101,99
38537,101,99
38538,101,99
38539,101,99
38540,101,99
38541,101,99
38542,101,99
38543,101,99
38544,101,99
38545,101,99
38546,101,99
38547,101,99
38548,101,99
38549,101,99
38550,101,99
38551,101,99
38552,101,99
38553,101,99
38554,101,99
38555,101,99
38556,101,99
38557,101,99
38558,101,99
38559,101,99
38560,101,99
38561,101,99
38562,101,99
38563,101,99
38564,101,99
38565,101,99
38566,101,99
38567,101,99
38568,101,99
38569,101,99
38570,101,99
38571,101,99
38572,101,99
38573,101,99
38574,101,99
38575,101,99
38576,101,99
38577,101,99
38578,101,99
38579,101,99
38580,101,99
38581,101,99
38582,101,99
38583,101,99
38584,101,99
38585,101,99
38586,101,99
38587,101,99
38588,101,99
38589,101,99
38590,101,99
38591,101,99
38592,101,99
38593,101,99
38594,101,99
38595,101,99
38596,101,99
38597,101,99
38598,101,99
38599,101,99
38600,101,99
38601,101,99
38602,101,99
38603,101,99
38604,101,99
38605,101,99
38606,101,99
38607,101,99
38608,101,99
38609,101,99
38610,101,99
38611,101,99
38612,101,99
38613,101,99
38614,101,99
38615,101,99
38616,101,99
38617,101,99
38618,101,99
38619,101,99
38620,101,99
38621,101,99
38622,101,99
38623,101,99
38624,101,99
38625,101,99
38626,101,99
38627,101,99
38628,101,99
38629,101,99
38630,101,99
38631,101,99
38632,101,99
38633,101,99
38634,101,99
38635,101,99
38636,101,99
38637,101,99
38638,101,99
38639,101,99
38640,101,99
38641,101,99
38642,101,99
38643,101,99
38644,101,99
38645,101,99
38646,101,99
38647,101,99
38648,101,99
38649,101,99
38650,101,99
38651,101,99
38652,101,99
38653,101,99
38654,101,99
38655,101,99
38656,101,99
38657,101,99
38658,101,99
38659,101,99
38660,101,99
38661,101,99
38662,101,99
38663,101,99
38664,101,99
38665,101,99
38666,101,99
38667,101,99
38668,101,99
38669,101,99
38670,101,99
38671,101,99
38672,101,99
38673,101,99
38674,101,99
38675,101,99
38676,101,99
38677,101,99
38678,101,99
38679,101,99
38680,101,99
38681,101,99
38682,101,99
38683,101,99
38684,101,99
38685,101,99
38686,101,99
38687,101,99
38688,101,99
38689,101,99
38690,101,99
38691,101,99
38692,101,99
38693,101,99
38694,101,99
38695,101,99
38696,101,99
38697,101,99
38698,101,99
38699,101,99
38700,101,99
38701,101,99
38702,101,99
38703,101,99
38704,101,99
38705,101,99
38706,101,99
38707,101,99
38708,101,99
38709,101,99
38710,101,99
38711,101,99
38712,101,99
38713,101,99
38714,101,99
38715,101,99
38716,101,99
38717,101,99
38718,101,99
38719,101,99
38720,101,99
38721,101,99
38722,101,99
38723,101,99
38724,101,99
38725,101,99
38726,101,99
38727,101,99
38728,101,99
38729,101,99
38730,101,99
38731,101,99
38732,101,99
38733,101,99
38734,101,99
38735,101,99
38736,101,99
38737,101,99
38738,101,99
38739,101,99
38740,101,99
38741,101,99
38742,101,99
38743,101,99
38744,101,99
38745,101,99
38746,101,99
38747,101,99
38748,101,99
38749,101,99
38750,101,99
38751,101,99
38752,101,99
38753,101,99
38754,101,99
38755,101,99
38756,101,99
38757,101,99
38758,101,99
38759,101,99
38760,101,99
38761,101,99
38762,101,99
38763,101,99
38764,101,99
38765,101,99
38766,101,99
38767,101,99
38768,101,99
38769,101,99
38770,101,99
38771,101,99
38772,101,99
38773,101,99
38774,101,99
38775,101,99
38776,101,99
38777,101,99
38778,101,99
38779,101,99
38780,101,99
38781,101,99
38782,101,99
38783,101,99
38784,101,99
38785,101,99
38786,101,99
38787,101,99
38788,101,99
38789,101,99
38790,101,99
38791,101,99
38792,101,99
38793,101,99
38794,101,99
38795,101,99
38796,101,99
38797,101,99
38798,101,99
38799,101,99
38800,101,99
38801,101,99
38802,101,99
38803,101,99
38804,101,99
38805,101,99
38806,101,99
38807,101,99
38808,101,99
38809,101,99
38810,101,99
38811,101,99
38812,101,99
38813,101,99
38814,101,99
38815,101,99
38816,101,99
38817,101,99
38818,101,99
38819,101,99
38820,101,99
38821,101,99
38822,101,99
38823,101,99
38824,101,99
38825,101,99
38826,101,99
38827,101,99
38828,101,99
38829,101,99
38830,101,99
38831,101,99
38832,101,99
38833,101,99
38834,101,99
38835,101,99
38836,101,99
38837,101,99
38838,101,99
38839,101,99
38840,101,99
38841,101,99
38842,101,99
38843,101,99
38844,101,99
38845,101,99
38846,101,99
38847,101,99
38848,101,99
38849,101,99
38850,101,99
38851,101,99
38852,101,99
38853,101,99
38854,101,99
38855,101,99
38856,101,99
38857,101,99
38858,101,99
38859,101,99
38860,101,99
38861,101,99
38862,101,99
38863,101,99
38864,101,99
38865,101,99
38866,101,99
38867,101,99
38868,101,99
38869,101,99
38870,101,99
38871,101,99
38872,101,99
38873,101,99
38874,101,99
38875,101,99
38876,101,99
38877,101,99
38878,101,99
38879,101,99
38880,101,99
38881,101,99
38882,101,99
38883,101,99
38884,101,99
38885,101,99
38886,101,99
38887,101,99
38888,101,99
38889,101,99
38890,101,99
38891,101,99
38892,101,99
38893,101,99
38894,101,99
38895,101,99
38896,101,99
38897,101,99
38898,101,99
38899,101,99
38900,101,99
38901,101,99
38902,101,99
38903,101,99
38904,101,99
38905,101,99
38906,101,99
38907,101,99
38908,101,99
38909,101,99
38910,101,99
38911,101,99
38912,101,99
38913,101,99
38914,101,99
38915,101,99
38916,101,99
38917,101,99
38918,101,99
38919,101,99
38920,101,99
38921,101,99
38922,101,99
38923,101,99
38924,101,99
38925,101,99
38926,101,99
38927,101,99
38928,101,99
38929,101,99
38930,101,99
38931,101,99
38932,101,99
38933,101,99
38934,101,99
38935,101,99
38936,101,99
38937,101,99
38938,101,99
38939,101,99
38940,101,99
38941,101,99
38942,101,99
38943,101,99
38944,101,99
38945,101,99
38946,101,99
38947,101,99
38948,101,99
38949,101,99
38950,101,99
38951,101,99
38952,101,99
38953,101,99
38954,101,99
38955,101,99
38956,101,99
38957,101,99
38958,101,99
38959,101,99
38960,101,99
38961,101,99
38962,101,99
38963,101,99
38964,101,99
38965,101,99
38966,101,99
38967,101,99
38968,101,99
38969,101,99
38970,101,99
38971,101,99
38972,101,99
38973,101,99
38974,101,99
38975,101,99
38976,101,99
38977,101,99
38978,101,99
38979,101,99
38980,101,99
38981,101,99
38982,101,99
38983,101,99
38984,101,99
38985,101,99
38986,101,99
38987,101,99
38988,101,99
38989,101,99
38990,101,99
38991,101,99
38992,101,99
38993,101,99
38994,101,99
38995,101,99
38996,101,99
38997,101,99
38998,101,99
38999,101,99
39000,101,99
39001,101,99
39002,101,99
39003,101,99
39004,101,99
39005,101,99
39006,101,99
39007,101,99
39008,101,99
39009,101,99
39010,101,99
39011,101,99
39012,101,99
39013,101,99
39014,101,99
39015,101,99
39016,101,99
39017,101,99
39018,101,99
39019,101,99
39020,101,99
39021,101,99
39022,101,99
39023,101,99
39024,101,99
39025,101,99
39026,101,99
39027,101,99
39028,101,99
39029,101,99
39030,101,99
39031,101,99
39032,101,99
39033,101,99
39034,101,99
39035,101,99
39036,101,99
39037,101,99
39038,101,99
39039,101,99
39040,101,99
39041,101,99
39042,101,99
39043,101,99
39044,101,99
39045,101,99
39046,101,99
39047,101,99
39048,101,99
39049,101,99
39050,101,99
39051,101,99
39052,101,99
39053,101,99
39054,101,99
39055,101,99
39056,101,99
39057,101,99
39058,101,99
39059,101,99
39060,101,99
39061,101,99
39062,101,99
39063,101,99
39064,101,99
39065,101,99
39066,101,99
39067,101,99
39068,101,99
39069,101,99
39070,101,99
39071,101,99
39072,101,99
39073,101,99
39074,101,99
39075,101,99
39076,101,99
39077,101,99
39078,101,99
39079,101,99
39080,101,99
39081,101,99
39082,101,99
39083,101,99
39084,101,99
39085,101,99
39086,101,99
39087,101,99
39088,101,99
39089,101,99
39090,101,99
39091,101,99
39092,101,99
39093,101,99
39094,101,99
39095,101,99
39096,101,99
39097,101,99
39098,101,99
39099,101,99
39100,101,99
39101,101,99
39102,101,99
39103,101,99
39104,101,99
39105,101,99
39106,101,99
39107,101,99
39108,101,99
39109,101,99
39110,101,99
39111,101,99
39112,101,99
39113,101,99
39114,101,99
39115,101,99
39116,101,99
39117,101,99
39118,101,99
39119,101,99
39120,101,99
39121,101,99
39122,101,99
39123,101,99
39124,101,99
39125,101,99
39126,101,99
39127,101,99
39128,101,99
39129,101,99
39130,101,99
39131,101,99
39132,101,99
39133,101,99
39134,101,99
39135,101,99
39136,101,99
39137,101,99
39138,101,99
39139,101,99
39140,101,99
39141,101,99
39142,101,99
39143,101,99
39144,101,99
39145,101,99
39146,101,99
39147,101,99
39148,101,99
39149,101,99
39150,101,99
39151,101,99
39152,101,99
39153,101,99
39154,101,99
39155,101,99
39156,101,99
39157,101,99
39158,101,99
39159,101,99
39160,101,99
39161,101,99
39162,101,99
39163,101,99
39164,101,99
39165,101,99
39166,101,99
39167,101,99
39168,101,99
39169,101,99
39170,101,99
39171,101,99
39172,101,99
39173,101,99
39174,101,99
39175,101,99
39176,101,99
39177,101,99
39178,101,99
39179,101,99
39180,101,99
39181,101,99
39182,101,99
39183,101,99
39184,101,99
39185,101,99
39186,101,99
39187,101,99
39188,101,99
39189,101,99
39190,101,99
39191,101,99
39192,101,99
39193,101,99
39194,101,99
39195,101,99
39196,101,99
39197,101,99
39198,101,99
39199,101,99
39200,101,99
39201,101,99
39202,101,99
39203,101,99
39204,101,99
39205,101,99
39206,101,99
39207,101,99
39208,101,99
39209,101,99
39210,101,99
39211,101,99
39212,101,99
39213,101,99
39214,101,99
39215,101,99
39216,101,99
39217,101,99
39218,101,99
39219,101,99
39220,101,99
39221,101,99
39222,101,99
39223,101,99
39224,101,99
39225,101,99
39226,101,99
39227,101,99
39228,101,99
39229,101,99
39230,101,99
39231,101,99
39232,101,99
39233,101,99
39234,101,99
39235,101,99
39236,101,99
39237,101,99
39238,101,99
39239,101,99
39240,101,99
39241,101,99
39242,101,99
39243,101,99
39244,101,99
39245,101,99
39246,101,99
39247,101,99
39248,101,99
39249,101,99
39250,101,99
39251,101,99
39252,101,99
39253,101,99
39254,101,99
39255,101,99
39256,101,99
39257,101,99
39258,101,99
39259,101,99
39260,101,99
39261,101,99
39262,101,99
39263,101,99
39264,101,99
39265,101,99
39266,101,99
39267,101,99
39268,101,99
39269,101,99
39270,101,99
39271,101,99
39272,101,99
39273,101,99
39274,101,99
39275,101,99
39276,101,99
39277,101,99
39278,101,99
39279,101,99
39280,101,99
39281,101,99
39282,101,99
39283,101,99
39284,101,99
39285,101,99
39286,101,99
39287,101,99
39288,101,99
39289,101,99
39290,101,99
39291,101,99
39292,101,99
39293,101,99
39294,101,99
39295,101,99
39296,101,99
39297,101,99
39298,101,99
39299,101,99
39300,101,99
39301,101,99
39302,101,99
39303,101,99
39304,101,99
39305,101,99
39306,101,99
39307,101,99
39308,101,99
39309,101,99
39310,101,99
39311,101,99
39312,101,99
39313,101,99
39314,101,99
39315,101,99
39316,101,99
39317,101,99
39318,101,99
39319,101,99
39320,101,99
39321,101,99
39322,101,99
39323,101,99
39324,101,99
39325,101,99
39326,101,99
39327,101,99
39328,101,99
39329,101,99
39330,101,99
39331,101,99
39332,101,99
39333,101,99
39334,101,99
39335,101,99
39336,101,99
39337,101,99
39338,101,99
39339,101,99
39340,101,99
39341,101,99
39342,101,99
39343,101,99
39344,101,99
39345,101,99
39346,101,99
39347,101,99
39348,101,99
39349,101,99
39350,101,99
39351,101,99
39352,101,99
39353,101,99
39354,101,99
39355,101,99
39356,101,99
39357,101,99
39358,101,99
39359,101,99
39360,101,99
39361,101,99
39362,101,99
39363,101,99
39364,101,99
39365,101,99
39366,101,99
39367,101,99
39368,101,99
39369,101,99
39370,101,99
39371,101,99
39372,101,99
39373,101,99
39374,101,99
39375,101,99
39376,101,99
39377,101,99
39378,101,99
39379,101,99
39380,101,99
39381,101,99
39382,101,99
39383,101,99
39384,101,99
39385,101,99
39386,101,99
39387,101,99
39388,101,99
39389,101,99
39390,101,99
39391,101,99
39392,101,99
39393,101,99
39394,101,99
39395,101,99
39396,101,99
39397,101,99
39398,101,99
39399,101,99
39400,101,99
39401,101,99
39402,101,99
39403,101,99
39404,101,99
39405,101,99
39406,101,99
39407,101,99
39408,101,99
39409,101,99
39410,101,99
39411,101,99
39412,101,99
39413,101,99
39414,101,99
39415,101,99
39416,101,99
39417,101,99
39418,101,99
39419,101,99
39420,101,99
39421,101,99
39422,101,99
39423,101,99
39424,101,99
39425,101,99
39426,101,99
39427,101,99
39428,101,99
39429,101,99
39430,101,99
39431,101,99
39432,101,99
39433,101,99
39434,101,99
39435,101,99
39436,101,99
39437,101,99
39438,101,99
39439,101,99
39440,101,99
39441,101,99
39442,101,99
39443,101,99
39444,101,99
39445,101,99
39446,101,99
39447,101,99
39448,101,99
39449,101,99
39450,101,99
39451,101,99
39452,101,99
39453,101,99
39454,101,99
39455,101,99
39456,101,99
39457,101,99
39458,101,99
39459,101,99
39460,101,99
39461,101,99
39462,101,99
39463,101,99
39464,101,99
39465,101,99
39466,101,99
39467,101,99
39468,101,99
39469,101,99
39470,101,99
39471,101,99
39472,101,99
39473,101,99
39474,101,99
39475,101,99
39476,101,99
39477,101,99
39478,101,99
39479,101,99
39480,101,99
39481,101,99
39482,101,99
39483,101,99
39484,101,99
39485,101,99
39486,101,99
39487,101,99
39488,101,99
39489,101,99
39490,101,99
39491,101,99
39492,101,99
39493,101,99
39494,101,99
39495,101,99
39496,101,99
39497,101,99
39498,101,99
39499,101,99
39500,101,99
39501,101,99
39502,101,99
39503,101,99
39504,101,99
39505,101,99
39506,101,99
39507,101,99
39508,101,99
39509,101,99
39510,101,99
39511,101,99
39512,101,99
39513,101,99
39514,101,99
39515,101,99
39516,101,99
39517,101,99
39518,101,99
39519,101,99
39520,101,99
39521,101,99
39522,101,99
39523,101,99
39524,101,99
39525,101,99
39526,101,99
39527,101,99
39528,101,99
39529,101,99
39530,101,99
39531,101,99
39532,101,99
39533,101,99
39534,101,99
39535,101,99
39536,101,99
39537,101,99
39538,101,99
39539,101,99
39540,101,99
39541,101,99
39542,101,99
39543,101,99
39544,101,99
39545,101,99
39546,101,99
39547,101,99
39548,101,99
39549,101,99
39550,101,99
39551,101,99
39552,101,99
39553,101,99
39554,101,99
39555,101,99
39556,101,99
39557,101,99
39558,101,99
39559,101,99
39560,101,99
39561,101,99
39562,101,99
39563,101,99
39564,101,99
39565,101,99
39566,101,99
39567,101,99
39568,101,99
39569,101,99
39570,101,99
39571,101,99
39572,101,99
39573,101,99
39574,101,99
39575,101,99
39576,101,99
39577,101,99
39578,101,99
39579,101,99
39580,101,99
39581,101,99
39582,101,99
39583,101,99
39584,101,99
39585,101,99
39586,101,99
39587,101,99
39588,101,99
39589,101,99
39590,101,99
39591,101,99
39592,101,99
39593,101,99
39594,101,99
39595,101,99
39596,101,99
39597,101,99
39598,101,99
39599,101,99
39600,101,99
39601,101,99
39602,101,99
39603,101,99
39604,101,99
39605,101,99
39606,101,99
39607,101,99
39608,101,99
39609,101,99
39610,101,99
39611,101,99
39612,101,99
39613,101,99
39614,101,99
39615,101,99
39616,101,99
39617,101,99
39618,101,99
39619,101,99
39620,101,99
39621,101,99
39622,101,99
39623,101,99
39624,101,99
39625,101,99
39626,101,99
39627,101,99
39628,101,99
39629,101,99
39630,101,99
39631,101,99
39632,101,99
39633,101,99
39634,101,99
39635,101,99
39636,101,99
39637,101,99
39638,101,99
39639,101,99
39640,101,99
39641,101,99
39642,101,99
39643,101,99
39644,101,99
39645,101,99
39646,101,99
39647,101,99
39648,101,99
39649,101,99
39650,101,99
39651,101,99
39652,101,99
39653,101,99
39654,101,99
39655,101,99
39656,101,99
39657,101,99
39658,101,99
39659,101,99
39660,101,99
39661,101,99
39662,101,99
39663,101,99
39664,101,99
39665,101,99
39666,101,99
39667,101,99
39668,101,99
39669,101,99
39670,101,99
39671,101,99
39672,101,99
39673,101,99
39674,101,99
39675,101,99
39676,101,99
39677,101,99
39678,101,99
39679,101,99
39680,101,99
39681,101,99
39682,101,99
39683,101,99
39684,101,99
39685,101,99
39686,101,99
39687,101,99
39688,101,99
39689,101,99
39690,101,99
39691,101,99
39692,101,99
39693,101,99
39694,101,99
39695,101,99
39696,101,99
39697,101,99
39698,101,99
39699,101,99
39700,101,99
39701,101,99
39702,101,99
39703,101,99
39704,101,99
39705,101,99
39706,101,99
39707,101,99
39708,101,99
39709,101,99
39710,101,99
39711,101,99
39712,101,99
39713,101,99
39714,101,99
39715,101,99
39716,101,99
39717,101,99
39718,101,99
39719,101,99
39720,101,99
39721,101,99
39722,101,99
39723,101,99
39724,101,99
39725,101,99
39726,101,99
39727,101,99
39728,101,99
39729,101,99
39730,101,99
39731,101,99
39732,101,99
39733,101,99
39734,101,99
39735,101,99
39736,101,99
39737,101,99
39738,101,99
39739,101,99
39740,101,99
39741,101,99
39742,101,99
39743,101,99
39744,101,99
39745,101,99
39746,101,99
39747,101,99
39748,101,99
39749,101,99
39750,101,99
39751,101,99
39752,101,99
39753,101,99
39754,101,99
39755,101,99
39756,101,99
39757,101,99
39758,101,99
39759,101,99
39760,101,99
39761,101,99
39762,101,99
39763,101,99
39764,101,99
39765,101,99
39766,101,99
39767,101,99
39768,101,99
39769,101,99
39770,101,99
39771,101,99
39772,101,99
39773,101,99
39774,101,99
39775,101,99
39776,101,99
39777,101,99
39778,101,99
39779,101,99
39780,101,99
39781,101,99
39782,101,99
39783,101,99
39784,101,99
39785,101,99
39786,101,99
39787,101,99
39788,101,99
39789,101,99
39790,101,99
39791,101,99
39792,101,99
39793,101,99
39794,101,99
39795,101,99
39796,101,99
39797,101,99
39798,101,99
39799,101,99
39800,101,99
39801,101,99
39802,101,99
39803,101,99
39804,101,99
39805,101,99
39806,101,99
39807,101,99
39808,101,99
39809,101,99
39810,101,99
39811,101,99
39812,101,99
39813,101,99
39814,101,99
39815,101,99
39816,101,99
39817,101,99
39818,101,99
39819,101,99
39820,101,99
39821,101,99
39822,101,99
39823,101,99
39824,101,99
39825,101,99
39826,101,99
39827,101,99
39828,101,99
39829,101,99
39830,101,99
39831,101,99
39832,101,99
39833,101,99
39834,101,99
39835,101,99
39836,101,99
39837,101,99
39838,101,99
39839,101,99
39840,101,99
39841,101,99
39842,101,99
39843,101,99
39844,101,99
39845,101,99
39846,101,99
39847,101,99
39848,101,99
39849,101,99
39850,101,99
39851,101,99
39852,101,99
39853,101,99
39854,101,99
39855,101,99
39856,101,99
39857,101,99
39858,101,99
39859,101,99
39860,101,99
39861,101,99
39862,101,99
39863,101,99
39864,101,99
39865,101,99
39866,101,99
39867,101,99
39868,101,99
39869,101,99
39870,101,99
39871,101,99
39872,101,99
39873,101,99
39874,101,99
39875,101,99
39876,101,99
39877,101,99
39878,101,99
39879,101,99
39880,101,99
39881,101,99
39882,101,99
39883,101,99
39884,101,99
39885,101,99
39886,101,99
39887,101,99
39888,101,99
39889,101,99
39890,101,99
39891,101,99
39892,101,99
39893,101,99
39894,101,99
39895,101,99
39896,101,99
39897,101,99
39898,101,99
39899,101,99
39900,101,99
39901,101,99
39902,101,99
39903,101,99
39904,101,99
39905,101,99
39906,101,99
39907,101,99
39908,101,99
39909,101,99
39910,101,99
39911,101,99
39912,101,99
39913,101,99
39914,101,99
39915,101,99
39916,101,99
39917,101,99
39918,101,99
39919,101,99
39920,101,99
39921,101,99
39922,101,99
39923,101,99
39924,101,99
39925,101,99
39926,101,99
39927,101,99
39928,101,99
39929,101,99
39930,101,99
39931,101,99
39932,101,99
39933,101,99
39934,101,99
39935,101,99
39936,101,99
39937,101,99
39938,101,99
39939,101,99
39940,101,99
39941,101,99
39942,101,99
39943,101,99
39944,101,99
39945,101,99
39946,101,99
39947,101,99
39948,101,99
39949,101,99
39950,101,99
39951,101,99
39952,101,99
39953,101,99
39954,101,99
39955,101,99
39956,101,99
39957,101,99
39958,101,99
39959,101,99
39960,101,99
39961,101,99
39962,101,99
39963,101,99
39964,101,99
39965,101,99
39966,101,99
39967,101,99
39968,101,99
39969,101,99
39970,101,99
39971,101,99
39972,101,99
39973,101,99
39974,101,99
39975,101,99
39976,101,99
39977,101,99
39978,101,99
39979,101,99
39980,101,99
39981,101,99
39982,101,99
39983,101,99
39984,101,99
39985,101,99
39986,101,99
39987,101,99
39988,101,99
39989,101,99
39990,101,99
39991,101,99
39992,101,99
39993,101,99
39994,101,99
39995,101,99
39996,101,99
39997,101,99
39998,101,99
39999,101,99
40000,101,99
40001,101,99
40002,101,99
40003,101,99
40004,101,99
40005,101,99
40006,101,99
40007,101,99
40008,101,99
40009,101,99
40010,101,99
40011,101,99
40012,101,99
40013,101,99
40014,101,99
40015,101,99
40016,101,99
40017,101,99
40018,101,99
40019,101,99
40020,101,99
40021,101,99
40022,101,99
40023,101,99
40024,101,99
40025,101,99
40026,101,99
40027,101,99
40028,101,99
40029,101,99
40030,101,99
40031,101,99
40032,101,99
40033,101,99
40034,101,99
40035,101,99
40036,101,99
40037,101,99
40038,101,99
40039,101,99
40040,101,99
40041,101,99
40042,101,99
40043,101,99
40044,101,99
40045,101,99
40046,101,99
40047,101,99
40048,101,99
40049,101,99
40050,101,99
40051,101,99
40052,101,99
40053,101,99
40054,101,99
40055,101,99
40056,101,99
40057,101,99
40058,101,99
40059,101,99
40060,101,99
40061,101,99
40062,101,99
40063,101,99
40064,101,99
40065,101,99
40066,101,99
40067,101,99
40068,101,99
40069,101,99
40070,101,99
40071,101,99
40072,101,99
40073,101,99
40074,101,99
40075,101,99
40076,101,99
40077,101,99
40078,101,99
40079,101,99
40080,101,99
40081,101,99
40082,101,99
40083,101,99
40084,101,99
40085,101,99
40086,101,99
40087,101,99
40088,101,99
40089,101,99
40090,101,99
40091,101,99
40092,101,99
40093,101,99
40094,101,99
40095,101,99
40096,101,99
40097,101,99
40098,101,99
40099,101,99
40100,101,99
40101,101,99
40102,101,99
40103,101,99
40104,101,99
40105,101,99
40106,101,99
40107,101,99
40108,101,99
40109,101,99
40110,101,99
40111,101,99
40112,101,99
40113,101,99
40114,101,99
40115,101,99
40116,101,99
40117,101,99
40118,101,99
40119,101,99
40120,101,99
40121,101,99
40122,101,99
40123,101,99
40124,101,99
40125,101,99
40126,101,99
40127,101,99
40128,101,99
40129,101,99
40130,101,99
40131,101,99
40132,101,99
40133,101,99
40134,101,99
40135,101,99
40136,101,99
40137,101,99
40138,101,99
40139,101,99
40140,101,99
40141,101,99
40142,101,99
40143,101,99
40144,101,99
40145,101,99
40146,101,99
40147,101,99
40148,101,99
40149,101,99
40150,101,99
40151,101,99
40152,101,99
40153,101,99
40154,101,99
40155,101,99
40156,101,99
40157,101,99
40158,101,99
40159,101,99
40160,101,99
40161,101,99
40162,101,99
40163,101,99
40164,101,99
40165,101,99
40166,101,99
40167,101,99
40168,101,99
40169,101,99
40170,101,99
40171,101,99
40172,101,99
40173,101,99
40174,101,99
40175,101,99
40176,101,99
40177,101,99
40178,101,99
40179,101,99
40180,101,99
40181,101,99
40182,101,99
40183,101,99
40184,101,99
40185,101,99
40186,101,99
40187,101,99
40188,101,99
40189,101,99
40190,101,99
40191,101,99
40192,101,99
40193,101,99
40194,101,99
40195,101,99
40196,101,99
40197,101,99
40198,101,99
40199,101,99
40200,101,99
40201,101,99
40202,101,99
40203,101,99
40204,101,99
40205,101,99
40206,101,99
40207,101,99
40208,101,99
40209,101,99
40210,101,99
40211,101,99
40212,101,99
40213,101,99
40214,101,99
40215,101,99
40216,101,99
40217,101,99
40218,101,99
40219,101,99
40220,101,99
40221,101,99
40222,101,99
40223,101,99
40224,101,99
40225,101,99
40226,101,99
40227,101,99
40228,101,99
40229,101,99
40230,101,99
40231,101,99
40232,101,99
40233,101,99
40234,101,99
40235,101,99
40236,101,99
40237,101,99
40238,101,99
40239,101,99
40240,101,99
40241,101,99
40242,101,99
40243,101,99
40244,101,99
40245,101,99
40246,101,99
40247,101,99
40248,101,99
40249,101,99
40250,101,99
40251,101,99
40252,101,99
40253,101,99
40254,101,99
40255,101,99
40256,101,99
40257,101,99
40258,101,99
40259,101,99
40260,101,99
40261,101,99
40262,101,99
40263,101,99
40264,101,99
40265,101,99
40266,101,99
40267,101,99
40268,101,99
40269,101,99
40270,101,99
40271,101,99
40272,101,99
40273,101,99
40274,101,99
40275,101,99
40276,101,99
40277,101,99
40278,101,99
40279,101,99
40280,101,99
40281,101,99
40282,101,99
40283,101,99
40284,101,99
40285,101,99
40286,101,99
40287,101,99
40288,101,99
40289,101,99
40290,101,99
40291,101,99
40292,101,99
40293,101,99
40294,101,99
40295,101,99
40296,101,99
40297,101,99
40298,101,99
40299,101,99
40300,101,99
40301,101,99
40302,101,99
40303,101,99
40304,101,99
40305,101,99
40306,101,99
40307,101,99
40308,101,99
40309,101,99
40310,101,99
40311,101,99
40312,101,99
40313,101,99
40314,101,99
40315,101,99
40316,101,99
40317,101,99
40318,101,99
40319,101,99
40320,101,99
40321,101,99
40322,101,99
40323,101,99
40324,101,99
40325,101,99
40326,101,99
40327,101,99
40328,101,99
40329,101,99
40330,101,99
40331,101,99
40332,101,99
40333,101,99
40334,101,99
40335,101,99
40336,101,99
40337,101,99
40338,101,99
40339,101,99
40340,101,99
40341,101,99
40342,101,99
40343,101,99
40344,101,99
40345,101,99
40346,101,99
40347,101,99
40348,101,99
40349,101,99
40350,101,99
40351,101,99
40352,101,99
40353,101,99
40354,101,99
40355,101,99
40356,101,99
40357,101,99
40358,101,99
40359,101,99
40360,101,99
40361,101,99
40362,101,99
40363,101,99
40364,101,99
40365,101,99
40366,101,99
40367,101,99
40368,101,99
40369,101,99
40370,101,99
40371,101,99
40372,101,99
40373,101,99
40374,101,99
40375,101,99
40376,101,99
40377,101,99
40378,101,99
40379,101,99
40380,101,99
40381,101,99
40382,101,99
40383,101,99
40384,101,99
40385,101,99
40386,101,99
40387,101,99
40388,101,99
40389,101,99
40390,101,99
40391,101,99
40392,101,99
40393,101,99
40394,101,99
40395,101,99
40396,101,99
40397,101,99
40398,101,99
40399,101,99
40400,101,99
40401,101,99
40402,101,99
40403,101,99
40404,101,99
40405,101,99
40406,101,99
40407,101,99
40408,101,99
40409,101,99
40410,101,99
40411,101,99
40412,101,99
40413,101,99
40414,101,99
40415,101,99
40416,101,99
40417,101,99
40418,101,99
40419,101,99
40420,101,99
40421,101,99
40422,101,99
40423,101,99
40424,101,99
40425,101,99
40426,101,99
40427,101,99
40428,101,99
40429,101,99
40430,101,99
40431,101,99
40432,101,99
40433,101,99
40434,101,99
40435,101,99
40436,101,99
40437,101,99
40438,101,99
40439,101,99
40440,101,99
40441,101,99
40442,101,99
40443,101,99
40444,101,99
40445,101,99
40446,101,99
40447,101,99
40448,101,99
40449,101,99
40450,101,99
40451,101,99
40452,101,99
40453,101,99
40454,101,99
40455,101,99
40456,101,99
40457,101,99
40458,101,99
40459,101,99
40460,101,99
40461,101,99
40462,101,99
40463,101,99
40464,101,99
40465,101,99
40466,101,99
40467,101,99
40468,101,99
40469,101,99
40470,101,99
40471,101,99
40472,101,99
40473,101,99
40474,101,99
40475,101,99
40476,101,99
40477,101,99
40478,101,99
40479,101,99
40480,101,99
40481,101,99
40482,101,99
40483,101,99
40484,101,99
40485,101,99
40486,101,99
40487,101,99
40488,101,99
40489,101,99
40490,101,99
40491,101,99
40492,101,99
40493,101,99
40494,101,99
40495,101,99
40496,101,99
40497,101,99
40498,101,99
40499,101,99
40500,101,99
40501,101,99
40502,101,99
40503,101,99
40504,101,99
40505,101,99
40506,101,99
40507,101,99
40508,101,99
40509,101,99
40510,101,99
40511,101,99
40512,101,99
40513,101,99
40514,101,99
40515,101,99
40516,101,99
40517,101,99
40518,101,99
40519,101,99
40520,101,99
40521,101,99
40522,101,99
40523,101,99
40524,101,99
40525,101,99
40526,101,99
40527,101,99
40528,101,99
40529,101,99
40530,101,99
40531,101,99
40532,101,99
40533,101,99
40534,101,99
40535,101,99
40536,101,99
40537,101,99
40538,101,99
40539,101,99
40540,101,99
40541,101,99
40542,101,99
40543,101,99
40544,101,99
40545,101,99
40546,101,99
40547,101,99
40548,101,99
40549,101,99
40550,101,99
40551,101,99
40552,101,99
40553,101,99
40554,101,99
40555,101,99
40556,101,99
40557,101,99
40558,101,99
40559,101,99
40560,101,99
40561,101,99
40562,101,99
40563,101,99
40564,101,99
40565,101,99
40566,101,99
40567,101,99
40568,101,99
40569,101,99
40570,101,99
40571,101,99
40572,101,99
40573,101,99
40574,101,99
40575,101,99
40576,101,99
40577,101,99
40578,101,99
40579,101,99
40580,101,99
40581,101,99
40582,101,99
40583,101,99
40584,101,99
40585,101,99
40586,101,99
40587,101,99
40588,101,99
40589,101,99
40590,101,99
40591,101,99
40592,101,99
40593,101,99
40594,101,99
40595,101,99
40596,101,99
40597,101,99
40598,101,99
40599,101,99
40600,101,99
40601,101,99
40602,101,99
40603,101,99
40604,101,99
40605,101,99
40606,101,99
40607,101,99
40608,101,99
40609,101,99
40610,101,99
40611,101,99
40612,101,99
40613,101,99
40614,101,99
40615,101,99
40616,101,99
40617,101,99
40618,101,99
40619,101,99
40620,101,99
40621,101,99
40622,101,99
40623,101,99
40624,101,99
40625,101,99
40626,101,99
40627,101,99
40628,101,99
40629,101,99
40630,101,99
40631,101,99
40632,101,99
40633,101,99
40634,101,99
40635,101,99
40636,101,99
40637,101,99
40638,101,99
40639,101,99
40640,101,99
40641,101,99
40642,101,99
40643,101,99
40644,101,99
40645,101,99
40646,101,99
40647,101,99
40648,101,99
40649,101,99
40650,101,99
40651,101,99
40652,101,99
40653,101,99
40654,101,99
40655,101,99
40656,101,99
40657,101,99
40658,101,99
40659,101,99
40660,101,99
40661,101,99
40662,101,99
40663,101,99
40664,101,99
40665,101,99
40666,101,99
40667,101,99
40668,101,99
40669,101,99
40670,101,99
40671,101,99
40672,101,99
40673,101,99
40674,101,99
40675,101,99
40676,101,99
40677,101,99
40678,101,99
40679,101,99
40680,101,99
40681,101,99
40682,101,99
40683,101,99
40684,101,99
40685,101,99
40686,101,99
40687,101,99
40688,101,99
40689,101,99
40690,101,99
40691,101,99
40692,101,99
40693,101,99
40694,101,99
40695,101,99
40696,101,99
40697,101,99
40698,101,99
40699,101,99
40700,101,99
40701,101,99
40702,101,99
40703,101,99
40704,101,99
40705,101,99
40706,101,99
40707,101,99
40708,101,99
40709,101,99
40710,101,99
40711,101,99
40712,101,99
40713,101,99
40714,101,99
40715,101,99
40716,101,99
40717,101,99
40718,101,99
40719,101,99
40720,101,99
40721,101,99
40722,101,99
40723,101,99
40724,101,99
40725,101,99
40726,101,99
40727,101,99
40728,101,99
40729,101,99
40730,101,99
40731,101,99
40732,101,99
40733,101,99
40734,101,99
40735,101,99
40736,101,99
40737,101,99
40738,101,99
40739,101,99
40740,101,99
40741,101,99
40742,101,99
40743,101,99
40744,101,99
40745,101,99
40746,101,99
40747,101,99
40748,101,99
40749,101,99
40750,101,99
40751,101,99
40752,101,99
40753,101,99
40754,101,99
40755,101,99
40756,101,99
40757,101,99
40758,101,99
40759,101,99
40760,101,99
40761,101,99
40762,101,99
40763,101,99
40764,101,99
40765,101,99
40766,101,99
40767,101,99
40768,101,99
40769,101,99
40770,101,99
40771,101,99
40772,101,99
40773,101,99
40774,101,99
40775,101,99
40776,101,99
40777,101,99
40778,101,99
40779,101,99
40780,101,99
40781,101,99
40782,101,99
40783,101,99
40784,101,99
40785,101,99
40786,101,99
40787,101,99
40788,101,99
40789,101,99
40790,101,99
40791,101,99
40792,101,99
40793,101,99
40794,101,99
40795,101,99
40796,101,99
40797,101,99
40798,101,99
40799,101,99
40800,101,99
40801,101,99
40802,101,99
40803,101,99
40804,101,99
40805,101,99
40806,101,99
40807,101,99
40808,101,99
40809,101,99
40810,101,99
40811,101,99
40812,101,99
40813,101,99
40814,101,99
40815,101,99
40816,101,99
40817,101,99
40818,101,99
40819,101,99
40820,101,99
40821,101,99
40822,101,99
40823,101,99
40824,101,99
40825,101,99
40826,101,99
40827,101,99
40828,101,99
40829,101,99
40830,101,99
40831,101,99
40832,101,99
40833,101,99
40834,101,99
40835,101,99
40836,101,99
40837,101,99
40838,101,99
40839,101,99
40840,101,99
40841,101,99
40842,101,99
40843,101,99
40844,101,99
40845,101,99
40846,101,99
40847,101,99
40848,101,99
40849,101,99
40850,101,99
40851,101,99
40852,101,99
40853,101,99
40854,101,99
40855,101,99
40856,101,99
40857,101,99
40858,101,99
40859,101,99
40860,101,99
40861,101,99
40862,101,99
40863,101,99
40864,101,99
40865,101,99
40866,101,99
40867,101,99
40868,101,99
40869,101,99
40870,101,99
40871,101,99
40872,101,99
40873,101,99
40874,101,99
40875,101,99
40876,101,99
40877,101,99
40878,101,99
40879,101,99
40880,101,99
40881,101,99
40882,101,99
40883,101,99
40884,101,99
40885,101,99
40886,101,99
40887,101,99
40888,101,99
40889,101,99
40890,101,99
40891,101,99
40892,101,99
40893,101,99
40894,101,99
40895,101,99
40896,101,99
40897,101,99
40898,101,99
40899,101,99
40900,101,99
40901,101,99
40902,101,99
40903,101,99
40904,101,99
40905,101,99
40906,101,99
40907,101,99
40908,101,99
40909,101,99
40910,101,99
40911,101,99
40912,101,99
40913,101,99
40914,101,99
40915,101,99
40916,101,99
40917,101,99
40918,101,99
40919,101,99
40920,101,99
40921,101,99
40922,101,99
40923,101,99
40924,101,99
40925,101,99
40926,101,99
40927,101,99
40928,101,99
40929,101,99
40930,101,99
40931,101,99
40932,101,99
40933,101,99
40934,101,99
40935,101,99
40936,101,99
40937,101,99
40938,101,99
40939,101,99
40940,101,99
40941,101,99
40942,101,99
40943,101,99
40944,101,99
40945,101,99
40946,101,99
40947,101,99
40948,101,99
40949,101,99
40950,101,99
40951,101,99
40952,101,99
40953,101,99
40954,101,99
40955,101,99
40956,101,99
40957,101,99
40958,101,99
40959,101,99
40960,101,99
40961,101,99
40962,101,99
40963,101,99
40964,101,99
40965,101,99
40966,101,99
40967,101,99
40968,101,99
40969,101,99
40970,101,99
40971,101,99
40972,101,99
40973,101,99
40974,101,99
40975,101,99
40976,101,99
40977,101,99
40978,101,99
40979,101,99
40980,101,99
40981,101,99
40982,101,99
40983,101,99
40984,101,99
40985,101,99
40986,101,99
40987,101,99
40988,101,99
40989,101,99
40990,101,99
40991,101,99
40992,101,99
40993,101,99
40994,101,99
40995,101,99
40996,101,99
40997,101,99
40998,101,99
40999,101,99
41000,101,99
41001,101,99
41002,101,99
41003,101,99
41004,101,99
41005,101,99
41006,101,99
41007,101,99
41008,101,99
41009,101,99
41010,101,99
41011,101,99
41012,101,99
41013,101,99
41014,101,99
41015,101,99
41016,101,99
41017,101,99
41018,101,99
41019,101,99
41020,101,99
41021,101,99
41022,101,99
41023,101,99
41024,101,99
41025,101,99
41026,101,99
41027,101,99
41028,101,99
41029,101,99
41030,101,99
41031,101,99
41032,101,99
41033,101,99
41034,101,99
41035,101,99
41036,101,99
41037,101,99
41038,101,99
41039,101,99
41040,101,99
41041,101,99
41042,101,99
41043,101,99
41044,101,99
41045,101,99
41046,101,99
41047,101,99
41048,101,99
41049,101,99
41050,101,99
41051,101,99
41052,101,99
41053,101,99
41054,101,99
41055,101,99
41056,101,99
41057,101,99
41058,101,99
41059,101,99
41060,101,99
41061,101,99
41062,101,99
41063,101,99
41064,101,99
41065,101,99
41066,101,99
41067,101,99
41068,101,99
41069,101,99
41070,101,99
41071,101,99
41072,101,99
41073,101,99
41074,101,99
41075,101,99
41076,101,99
41077,101,99
41078,101,99
41079,101,99
41080,101,99
41081,101,99
41082,101,99
41083,101,99
41084,101,99
41085,101,99
41086,101,99
41087,101,99
41088,101,99
41089,101,99
41090,101,99
41091,101,99
41092,101,99
41093,101,99
41094,101,99
41095,101,99
41096,101,99
41097,101,99
41098,101,99
41099,101,99
41100,102,98
41101,102,98
41102,102,98
41103,102,98
41104,102,98
41105,102,98
41106,102,98
41107,102,98
41108,102,98
41109,102,98
41110,102,98
41111,102,98
41112,102,98
41113,102,98
41114,102,98
41115,102,98
41116,102,98
41117,102,98
41118,102,98
41119,102,98
41120,102,98
41121,102,98
41122,102,98
41123,102,98
41124,102,98
41125,102,98
41126,102,98
41127,102,98
41128,102,98
41129,102,98
41130,102,98
41131,102,98
41132,102,98
41133,102,98
41134,102,98
41135,102,98
41136,102,98
41137,102,98
41138,102,98
41139,102,98
41140,102,98
41141,102,98
41142,102,98
41143,102,98
41144,102,98
41145,102,98
41146,102,98
41147,102,98
41148,102,98
41149,102,98
41150,102,98
41151,102,98
41152,102,98
41153,102,98
41154,102,98
41155,102,98
41156,102,98
41157,102,98
41158,102,98
41159,102,98
41160,102,98
41161,102,98
41162,102,98
41163,102,98
41164,102,98
41165,102,98
41166,102,98
41167,102,98
41168,102,98
41169,102,98
41170,102,98
41171,102,98
41172,102,98
41173,102,98
41174,102,98
41175,102,98
41176,102,98
41177,102,98
41178,102,98
41179,102,98
41180,102,98
41181,102,98
41182,102,98
41183,102,98
41184,102,98
41185,102,98
41186,102,98
41187,102,98
41188,102,98
41189,102,98
41190,102,98
41191,102,98
41192,102,98
41193,102,98
41194,102,98
41195,102,98
41196,102,98
41197,102,98
41198,102,98
41199,102,98
41200,103,97
41201,103,97
41202,103,97
41203,103,97
41204,103,97
41205,103,97
41206,103,97
41207,103,97
41208,103,97
41209,103,97
41210,103,97
41211,103,97
41212,103,97
41213,103,97
41214,103,97
41215,103,97
41216,103,97
41217,103,97
41218,103,97
41219,103,97
41220,103,97
41221,103,97
41222,103,97
41223,103,97
41224,103,97
41225,103,97
41226,103,97
41227,103,97
41228,103,97
41229,103,97
41230,103,97
41231,103,97
41232,103,97
41233,103,97
41234,103,97
41235,103,97
41236,103,97
41237,103,97
41238,103,97
41239,103,97
41240,103,97
41241,103,97
41242,103,97
41243,103,97
41244,103,97
41245,103,97
41246,103,97
41247,103,97
41248,103,97
41249,103,97
41250,103,97
41251,103,97
41252,103,97
41253,103,97
41254,103,97
41255,103,97
41256,103,97
41257,103,97
41258,103,97
41259,103,97
41260,103,97
41261,103,97
41262,103,97
41263,103,97
41264,103,97
41265,103,97
41266,103,97
41267,103,97
41268,103,97
41269,103,97
41270,103,97
41271,103,97
41272,103,97
41273,103,97
41274,103,97
41275,103,97
41276,103,97
41277,103,97
41278,103,97
41279,103,97
41280,103,97
41281,103,97
41282,103,97
41283,103,97
41284,103,97
41285,103,97
41286,103,97
41287,103,97
41288,103,97
41289,103,97
41290,103,97
41291,103,97
41292,103,97
41293,103,97
41294,103,97
41295,103,97
41296,103,97
41297,103,97
41298,103,97
41299,103,97
41300,102,98
41301,102,98
41302,102,98
41303,102,98
41304,102,98
41305,102,98
41306,102,98
41307,102,98
41308,102,98
41309,102,98
41310,102,98
41311,102,98
41312,102,98
41313,102,98
41314,102,98
41315,102,98
41316,102,98
41317,102,98
41318,102,98
41319,102,98
41320,102,98
41321,102,98
41322,102,98
41323,102,98
41324,102,98
41325,102,98
41326,102,98
41327,102,98
41328,102,98
41329,102,98
41330,102,98
41331,102,98
41332,102,98
41333,102,98
41334,102,98
41335,102,98
41336,102,98
41337,102,98
41338,102,98
41339,102,98
41340,102,98
41341,102,98
41342,102,98
41343,102,98
41344,102,98
41345,102,98
41346,102,98
41347,102,98
41348,102,98
41349,102,98
41350,102,98
41351,102,98
41352,102,98
41353,102,98
41354,102,98
41355,102,98
41356,102,98
41357,102,98
41358,102,98
41359,102,98
41360,102,98
41361,102,98
41362,102,98
41363,102,98
41364,102,98
41365,102,98
41366,102,98
41367,102,98
41368,102,98
41369,102,98
41370,102,98
41371,102,98
41372,102,98
41373,102,98
41374,102,98
41375,102,98
41376,102,98
41377,102,98
41378,102,98
41379,102,98
41380,102,98
41381,102,98
41382,102,98
41383,102,98
41384,102,98
41385,102,98
41386,102,98
41387,102,98
41388,102,98
41389,102,98
41390,102,98
41391,102,98
41392,102,98
41393,102,98
41394,102,98
41395,102,98
41396,102,98
41397,102,98
41398,102,98
41399,102,98
41400,102,98
41401,102,98
41402,102,98
41403,102,98
41404,102,98
41405,102,98
41406,102,98
41407,102,98
41408,102,98
41409,102,98
41410,102,98
41411,102,98
41412,102,98
41413,102,98
41414,102,98
41415,102,98
41416,102,98
41417,102,98
41418,102,98
41419,102,98
41420,102,98
41421,102,98
41422,102,98
41423,102,98
41424,102,98
41425,102,98
41426,102,98
41427,102,98
41428,102,98
41429,102,98
41430,102,98
41431,102,98
41432,102,98
41433,102,98
41434,102,98
41435,102,98
41436,102,98
41437,102,98
41438,102,98
41439,102,98
41440,102,98
41441,102,98
41442,102,98
41443,102,98
41444,102,98
41445,102,98
41446,102,98
41447,102,98
41448,102,98
41449,102,98
41450,102,98
41451,102,98
41452,102,98
41453,102,98
41454,102,98
41455,102,98
41456,102,98
41457,102,98
41458,102,98
41459,102,98
41460,102,98
41461,102,98
41462,102,98
41463,102,98
41464,102,98
41465,102,98
41466,102,98
41467,102,98
41468,102,98
41469,102,98
41470,102,98
41471,102,98
41472,102,98
41473,102,98
41474,102,98
41475,102,98
41476,102,98
41477,102,98
41478,102,98
41479,102,98
41480,102,98
41481,102,98
41482,102,98
41483,102,98
41484,102,98
41485,102,98
41486,102,98
41487,102,98
41488,102,98
41489,102,98
41490,102,98
41491,102,98
41492,102,98
41493,102,98
41494,102,98
41495,102,98
41496,102,98
41497,102,98
41498,102,98
41499,102,98
41500,102,98
41501,102,98
41502,102,98
41503,102,98
41504,102,98
41505,102,98
41506,102,98
41507,102,98
41508,102,98
41509,102,98
41510,102,98
41511,102,98
41512,102,98
41513,102,98
41514,102,98
41515,102,98
41516,102,98
41517,102,98
41518,102,98
41519,102,98
41520,102,98
41521,102,98
41522,102,98
41523,102,98
41524,102,98
41525,102,98
41526,102,98
41527,102,98
41528,102,98
41529,102,98
41530,102,98
41531,102,98
41532,102,98
41533,102,98
41534,102,98
41535,102,98
41536,102,98
41537,102,98
41538,102,98
41539,102,98
41540,102,98
41541,102,98
41542,102,98
41543,102,98
41544,102,98
41545,102,98
41546,102,98
41547,102,98
41548,102,98
41549,102,98
41550,102,98
41551,102,98
41552,102,98
41553,102,98
41554,102,98
41555,102,98
41556,102,98
41557,102,98
41558,102,98
41559,102,98
41560,102,98
41561,102,98
41562,102,98
41563,102,98
41564,102,98
41565,102,98
41566,102,98
41567,102,98
41568,102,98
41569,102,98
41570,102,98
41571,102,98
41572,102,98
41573,102,98
41574,102,98
41575,102,98
41576,102,98
41577,102,98
41578,102,98
41579,102,98
41580,102,98
41581,102,98
41582,102,98
41583,102,98
41584,102,98
41585,102,98
41586,102,98
41587,102,98
41588,102,98
41589,102,98
41590,102,98
41591,102,98
41592,102,98
41593,102,98
41594,102,98
41595,102,98
41596,102,98
41597,102,98
41598,102,98
41599,102,98
41600,102,98
41601,102,98
41602,102,98
41603,102,98
41604,102,98
41605,102,98
41606,102,98
41607,102,98
41608,102,98
41609,102,98
41610,102,98
41611,102,98
41612,102,98
41613,102,98
41614,102,98
41615,102,98
41616,102,98
41617,102,98
41618,102,98
41619,102,98
41620,102,98
41621,102,98
41622,102,98
41623,102,98
41624,102,98
41625,102,98
41626,102,98
41627,102,98
41628,102,98
41629,102,98
41630,102,98
41631,102,98
41632,102,98
41633,102,98
41634,102,98
41635,102,98
41636,102,98
41637,102,98
41638,102,98
41639,102,98
41640,102,98
41641,102,98
41642,102,98
41643,102,98
41644,102,98
41645,102,98
41646,102,98
41647,102,98
41648,102,98
41649,102,98
41650,102,98
41651,102,98
41652,102,98
41653,102,98
41654,102,98
41655,102,98
41656,102,98
41657,102,98
41658,102,98
41659,102,98
41660,102,98
41661,102,98
41662,102,98
41663,102,98
41664,102,98
41665,102,98
41666,102,98
41667,102,98
41668,102,98
41669,102,98
41670,102,98
41671,102,98
41672,102,98
41673,102,98
41674,102,98
41675,102,98
41676,102,98
41677,102,98
41678,102,98
41679,102,98
41680,102,98
41681,102,98
41682,102,98
41683,102,98
41684,102,98
41685,102,98
41686,102,98
41687,102,98
41688,102,98
41689,102,98
41690,102,98
41691,102,98
41692,102,98
41693,102,98
41694,102,98
41695,102,98
41696,102,98
41697,102,98
41698,102,98
41699,102,98
41700,102,98
41701,102,98
41702,102,98
41703,102,98
41704,102,98
41705,102,98
41706,102,98
41707,102,98
41708,102,98
41709,102,98
41710,102,98
41711,102,98
41712,102,98
41713,102,98
41714,102,98
41715,102,98
41716,102,98
41717,102,98
41718,102,98
41719,102,98
41720,102,98
41721,102,98
41722,102,98
41723,102,98
41724,102,98
41725,102,98
41726,102,98
41727,102,98
41728,102,98
41729,102,98
41730,102,98
41731,102,98
41732,102,98
41733,102,98
41734,102,98
41735,102,98
41736,102,98
41737,102,98
41738,102,98
41739,102,98
41740,102,98
41741,102,98
41742,102,98
41743,102,98
41744,102,98
41745,102,98
41746,102,98
41747,102,98
41748,102,98
41749,102,98
41750,102,98
41751,102,98
41752,102,98
41753,102,98
41754,102,98
41755,102,98
41756,102,98
41757,102,98
41758,102,98
41759,102,98
41760,102,98
41761,102,98
41762,102,98
41763,102,98
41764,102,98
41765,102,98
41766,102,98
41767,102,98
41768,102,98
41769,102,98
41770,102,98
41771,102,98
41772,102,98
41773,102,98
41774,102,98
41775,102,98
41776,102,98
41777,102,98
41778,102,98
41779,102,98
41780,102,98
41781,102,98
41782,102,98
41783,102,98
41784,102,98
41785,102,98
41786,102,98
41787,102,98
41788,102,98
41789,102,98
41790,102,98
41791,102,98
41792,102,98
41793,102,98
41794,102,98
41795,102,98
41796,102,98
41797,102,98
41798,102,98
41799,102,98
41800,102,98
41801,102,98
41802,102,98
41803,102,98
41804,102,98
41805,102,98
41806,102,98
41807,102,98
41808,102,98
41809,102,98
41810,102,98
41811,102,98
41812,102,98
41813,102,98
41814,102,98
41815,102,98
41816,102,98
41817,102,98
41818,102,98
41819,102,98
41820,102,98
41821,102,98
41822,102,98
41823,102,98
41824,102,98
41825,102,98
41826,102,98
41827,102,98
41828,102,98
41829,102,98
41830,102,98
41831,102,98
41832,102,98
41833,102,98
41834,102,98
41835,102,98
41836,102,98
41837,102,98
41838,102,98
41839,102,98
41840,102,98
41841,102,98
41842,102,98
41843,102,98
41844,102,98
41845,102,98
41846,102,98
41847,102,98
41848,102,98
41849,102,98
41850,102,98
41851,102,98
41852,102,98
41853,102,98
41854,102,98
41855,102,98
41856,102,98
41857,102,98
41858,102,98
41859,102,98
41860,102,98
41861,102,98
41862,102,98
41863,102,98
41864,102,98
41865,102,98
41866,102,98
41867,102,98
41868,102,98
41869,102,98
41870,102,98
41871,102,98
41872,102,98
41873,102,98
41874,102,98
41875,102,98
41876,102,98
41877,102,98
41878,102,98
41879,102,98
41880,102,98
41881,102,98
41882,102,98
41883,102,98
41884,102,98
41885,102,98
41886,102,98
41887,102,98
41888,102,98
41889,102,98
41890,102,98
41891,102,98
41892,102,98
41893,102,98
41894,102,98
41895,102,98
41896,102,98
41897,102,98
41898,102,98
41899,102,98
41900,102,98
41901,102,98
41902,102,98
41903,102,98
41904,102,98
41905,102,98
41906,102,98
41907,102,98
41908,102,98
41909,102,98
41910,102,98
41911,102,98
41912,102,98
41913,102,98
41914,102,98
41915,102,98
41916,102,98
41917,102,98
41918,102,98
41919,102,98
41920,102,98
41921,102,98
41922,102,98
41923,102,98
41924,102,98
41925,102,98
41926,102,98
41927,102,98
41928,102,98
41929,102,98
41930,102,98
41931,102,98
41932,102,98
41933,102,98
41934,102,98
41935,102,98
41936,102,98
41937,102,98
41938,102,98
41939,102,98
41940,102,98
41941,102,98
41942,102,98
41943,102,98
41944,102,98
41945,102,98
41946,102,98
41947,102,98
41948,102,98
41949,102,98
41950,102,98
41951,102,98
41952,102,98
41953,102,98
41954,102,98
41955,102,98
41956,102,98
41957,102,98
41958,102,98
41959,102,98
41960,102,98
41961,102,98
41962,102,98
41963,102,98
41964,102,98
41965,102,98
41966,102,98
41967,102,98
41968,102,98
41969,102,98
41970,102,98
41971,102,98
41972,102,98
41973,102,98
41974,102,98
41975,102,98
41976,102,98
41977,102,98
41978,102,98
41979,102,98
41980,102,98
41981,102,98
41982,102,98
41983,102,98
41984,102,98
41985,102,98
41986,102,98
41987,102,98
41988,102,98
41989,102,98
41990,102,98
41991,102,98
41992,102,98
41993,102,98
41994,102,98
41995,102,98
41996,102,98
41997,102,98
41998,102,98
41999,102,98
42000,102,98
42001,102,98
42002,102,98
42003,102,98
42004,102,98
42005,102,98
42006,102,98
42007,102,98
42008,102,98
42009,102,98
42010,102,98
42011,102,98
42012,102,98
42013,102,98
42014,102,98
42015,102,98
42016,102,98
42017,102,98
42018,102,98
42019,102,98
42020,102,98
42021,102,98
42022,102,98
42023,102,98
42024,102,98
42025,102,98
42026,102,98
42027,102,98
42028,102,98
42029,102,98
42030,102,98
42031,102,98
42032,102,98
42033,102,98
42034,102,98
42035,102,98
42036,102,98
42037,102,98
42038,102,98
42039,102,98
42040,102,98
42041,102,98
42042,102,98
42043,102,98
42044,102,98
42045,102,98
42046,102,98
42047,102,98
42048,102,98
42049,102,98
42050,102,98
42051,102,98
42052,102,98
42053,102,98
42054,102,98
42055,102,98
42056,102,98
42057,102,98
42058,102,98
42059,102,98
42060,102,98
42061,102,98
42062,102,98
42063,102,98
42064,102,98
42065,102,98
42066,102,98
42067,102,98
42068,102,98
42069,102,98
42070,102,98
42071,102,98
42072,102,98
42073,102,98
42074,102,98
42075,102,98
42076,102,98
42077,102,98
42078,102,98
42079,102,98
42080,102,98
42081,102,98
42082,102,98
42083,102,98
42084,102,98
42085,102,98
42086,102,98
42087,102,98
42088,102,98
42089,102,98
42090,102,98
42091,102,98
42092,102,98
42093,102,98
42094,102,98
42095,102,98
42096,102,98
42097,102,98
42098,102,98
42099,102,98
42100,102,98
42101,102,98
42102,102,98
42103,102,98
42104,102,98
42105,102,98
42106,102,98
42107,102,98
42108,102,98
42109,102,98
42110,102,98
42111,102,98
42112,102,98
42113,102,98
42114,102,98
42115,102,98
42116,102,98
42117,102,98
42118,102,98
42119,102,98
42120,102,98
42121,102,98
42122,102,98
42123,102,98
42124,102,98
42125,102,98
42126,102,98
42127,102,98
42128,102,98
42129,102,98
42130,102,98
42131,102,98
42132,102,98
42133,102,98
42134,102,98
42135,102,98
42136,102,98
42137,102,98
42138,102,98
42139,102,98
42140,102,98
42141,102,98
42142,102,98
42143,102,98
42144,102,98
42145,102,98
42146,102,98
42147,102,98
42148,102,98
42149,102,98
42150,102,98
42151,102,98
42152,102,98
42153,102,98
42154,102,98
42155,102,98
42156,102,98
42157,102,98
42158,102,98
42159,102,98
42160,102,98
42161,102,98
42162,102,98
42163,102,98
42164,102,98
42165,102,98
42166,102,98
42167,102,98
42168,102,98
42169,102,98
42170,102,98
42171,102,98
42172,102,98
42173,102,98
42174,102,98
42175,102,98
42176,102,98
42177,102,98
42178,102,98
42179,102,98
42180,102,98
42181,102,98
42182,102,98
42183,102,98
42184,102,98
42185,102,98
42186,102,98
42187,102,98
42188,102,98
42189,102,98
42190,102,98
42191,102,98
42192,102,98
42193,102,98
42194,102,98
42195,102,98
42196,102,98
42197,102,98
42198,102,98
42199,102,98
42200,102,98
42201,102,98
42202,102,98
42203,102,98
42204,102,98
42205,102,98
42206,102,98
42207,102,98
42208,102,98
42209,102,98
42210,102,98
42211,102,98
42212,102,98
42213,102,98
42214,102,98
42215,102,98
42216,102,98
42217,102,98
42218,102,98
42219,102,98
42220,102,98
42221,102,98
42222,102,98
42223,102,98
42224,102,98
42225,102,98
42226,102,98
42227,102,98
42228,102,98
42229,102,98
42230,102,98
42231,102,98
42232,102,98
42233,102,98
42234,102,98
42235,102,98
42236,102,98
42237,102,98
42238,102,98
42239,102,98
42240,102,98
42241,102,98
42242,102,98
42243,102,98
42244,102,98
42245,102,98
42246,102,98
42247,102,98
42248,102,98
42249,102,98
42250,102,98
42251,102,98
42252,102,98
42253,102,98
42254,102,98
42255,102,98
42256,102,98
42257,102,98
42258,102,98
42259,102,98
42260,102,98
42261,102,98
42262,102,98
42263,102,98
42264,102,98
42265,102,98
42266,102,98
42267,102,98
42268,102,98
42269,102,98
42270,102,98
42271,102,98
42272,102,98
42273,102,98
42274,102,98
42275,102,98
42276,102,98
42277,102,98
42278,102,98
42279,102,98
42280,102,98
42281,102,98
42282,102,98
42283,102,98
42284,102,98
42285,102,98
42286,102,98
42287,102,98
42288,102,98
42289,102,98
42290,102,98
42291,102,98
42292,102,98
42293,102,98
42294,102,98
42295,102,98
42296,102,98
42297,102,98
42298,102,98
42299,102,98
42300,102,98
42301,102,98
42302,102,98
42303,102,98
42304,102,98
42305,102,98
42306,102,98
42307,102,98
42308,102,98
42309,102,98
42310,102,98
42311,102,98
42312,102,98
42313,102,98
42314,102,98
42315,102,98
42316,102,98
42317,102,98
42318,102,98
42319,102,98
42320,102,98
42321,102,98
42322,102,98
42323,102,98
42324,102,98
42325,102,98
42326,102,98
42327,102,98
42328,102,98
42329,102,98
42330,102,98
42331,102,98
42332,102,98
42333,102,98
42334,102,98
42335,102,98
42336,102,98
42337,102,98
42338,102,98
42339,102,98
42340,102,98
42341,102,98
42342,102,98
42343,102,98
42344,102,98
42345,102,98
42346,102,98
42347,102,98
42348,102,98
42349,102,98
42350,102,98
42351,102,98
42352,102,98
42353,102,98
42354,102,98
42355,102,98
42356,102,98
42357,102,98
42358,102,98
42359,102,98
42360,102,98
42361,102,98
42362,102,98
42363,102,98
42364,102,98
42365,102,98
42366,102,98
42367,102,98
42368,102,98
42369,102,98
42370,102,98
42371,102,98
42372,102,98
42373,102,98
42374,102,98
42375,102,98
42376,102,98
42377,102,98
42378,102,98
42379,102,98
42380,102,98
42381,102,98
42382,102,98
42383,102,98
42384,102,98
42385,102,98
42386,102,98
42387,102,98
42388,102,98
42389,102,98
42390,102,98
42391,102,98
42392,102,98
42393,102,98
42394,102,98
42395,102,98
42396,102,98
42397,102,98
42398,102,98
42399,102,98
42400,102,98
42401,102,98
42402,102,98
42403,102,98
42404,102,98
42405,102,98
42406,102,98
42407,102,98
42408,102,98
42409,102,98
42410,102,98
42411,102,98
42412,102,98
42413,102,98
42414,102,98
42415,102,98
42416,102,98
42417,102,98
42418,102,98
42419,102,98
42420,102,98
42421,102,98
42422,102,98
42423,102,98
42424,102,98
42425,102,98
42426,102,98
42427,102,98
42428,102,98
42429,102,98
42430,102,98
42431,102,98
42432,102,98
42433,102,98
42434,102,98
42435,102,98
42436,102,98
42437,102,98
42438,102,98
42439,102,98
42440,102,98
42441,102,98
42442,102,98
42443,102,98
42444,102,98
42445,102,98
42446,102,98
42447,102,98
42448,102,98
42449,102,98
42450,102,98
42451,102,98
42452,102,98
42453,102,98
42454,102,98
42455,102,98
42456,102,98
42457,102,98
42458,102,98
42459,102,98
42460,102,98
42461,102,98
42462,102,98
42463,102,98
42464,102,98
42465,102,98
42466,102,98
42467,102,98
42468,102,98
42469,102,98
42470,102,98
42471,102,98
42472,102,98
42473,102,98
42474,102,98
42475,102,98
42476,102,98
42477,102,98
42478,102,98
42479,102,98
42480,102,98
42481,102,98
42482,102,98
42483,102,98
42484,102,98
42485,102,98
42486,102,98
42487,102,98
42488,102,98
42489,102,98
42490,102,98
42491,102,98
42492,102,98
42493,102,98
42494,102,98
42495,102,98
42496,102,98
42497,102,98
42498,102,98
42499,102,98
42500,102,98
42501,102,98
42502,102,98
42503,102,98
42504,102,98
42505,102,98
42506,102,98
42507,102,98
42508,102,98
42509,102,98
42510,102,98
42511,102,98
42512,102,98
42513,102,98
42514,102,98
42515,102,98
42516,102,98
42517,102,98
42518,102,98
42519,102,98
42520,102,98
42521,102,98
42522,102,98
42523,102,98
42524,102,98
42525,102,98
42526,102,98
42527,102,98
42528,102,98
42529,102,98
42530,102,98
42531,102,98
42532,102,98
42533,102,98
42534,102,98
42535,102,98
42536,102,98
42537,102,98
42538,102,98
42539,102,98
42540,102,98
42541,102,98
42542,102,98
42543,102,98
42544,102,98
42545,102,98
42546,102,98
42547,102,98
42548,102,98
42549,102,98
42550,102,98
42551,102,98
42552,102,98
42553,102,98
42554,102,98
42555,102,98
42556,102,98
42557,102,98
42558,102,98
42559,102,98
42560,102,98
42561,102,98
42562,102,98
42563,102,98
42564,102,98
42565,102,98
42566,102,98
42567,102,98
42568,102,98
42569,102,98
42570,102,98
42571,102,98
42572,102,98
42573,102,98
42574,102,98
42575,102,98
42576,102,98
42577,102,98
42578,102,98
42579,102,98
42580,102,98
42581,102,98
42582,102,98
42583,102,98
42584,102,98
42585,102,98
42586,102,98
42587,102,98
42588,102,98
42589,102,98
42590,102,98
42591,102,98
42592,102,98
42593,102,98
42594,102,98
42595,102,98
42596,102,98
42597,102,98
42598,102,98
42599,102,98
42600,103,97
42601,103,97
42602,103,97
42603,103,97
42604,103,97
42605,103,97
42606,103,97
42607,103,97
42608,103,97
42609,103,97
42610,103,97
42611,103,97
42612,103,97
42613,103,97
42614,103,97
42615,103,97
42616,103,97
42617,103,97
42618,103,97
42619,103,97
42620,103,97
42621,103,97
42622,103,97
42623,103,97
42624,103,97
42625,103,97
42626,103,97
42627,103,97
42628,103,97
42629,103,97
42630,103,97
42631,103,97
42632,103,97
42633,103,97
42634,103,97
42635,103,97
42636,103,97
42637,103,97
42638,103,97
42639,103,97
42640,103,97
42641,103,97
42642,103,97
42643,103,97
42644,103,97
42645,103,97
42646,103,97
42647,103,97
42648,103,97
42649,103,97
42650,103,97
42651,103,97
42652,103,97
42653,103,97
42654,103,97
42655,103,97
42656,103,97
42657,103,97
42658,103,97
42659,103,97
42660,103,97
42661,103,97
42662,103,97
42663,103,97
42664,103,97
42665,103,97
42666,103,97
42667,103,97
42668,103,97
42669,103,97
42670,103,97
42671,103,97
42672,103,97
42673,103,97
42674,103,97
42675,103,97
42676,103,97
42677,103,97
42678,103,97
42679,103,97
42680,103,97
42681,103,97
42682,103,97
42683,103,97
42684,103,97
42685,103,97
42686,103,97
42687,103,97
42688,103,97
42689,103,97
42690,103,97
42691,103,97
42692,103,97
42693,103,97
42694,103,97
42695,103,97
42696,103,97
42697,103,97
42698,103,97
42699,103,97
42700,102,98
42701,102,98
42702,102,98
42703,102,98
42704,102,98
42705,102,98
42706,102,98
42707,102,98
42708,102,98
42709,102,98
42710,102,98
42711,102,98
42712,102,98
42713,102,98
42714,102,98
42715,102,98
42716,102,98
42717,102,98
42718,102,98
42719,102,98
42720,102,98
42721,102,98
42722,102,98
42723,102,98
42724,102,98
42725,102,98
42726,102,98
42727,102,98
42728,102,98
42729,102,98
42730,102,98
42731,102,98
42732,102,98
42733,102,98
42734,102,98
42735,102,98
42736,102,98
42737,102,98
42738,102,98
42739,102,98
42740,102,98
42741,102,98
42742,102,98
42743,102,98
42744,102,98
42745,102,98
42746,102,98
42747,102,98
42748,102,98
42749,102,98
42750,102,98
42751,102,98
42752,102,98
42753,102,98
42754,102,98
42755,102,98
42756,102,98
42757,102,98
42758,102,98
42759,102,98
42760,102,98
42761,102,98
42762,102,98
42763,102,98
42764,102,98
42765,102,98
42766,102,98
42767,102,98
42768,102,98
42769,102,98
42770,102,98
42771,102,98
42772,102,98
42773,102,98
42774,102,98
42775,102,98
42776,102,98
42777,102,98
42778,102,98
42779,102,98
42780,102,98
42781,102,98
42782,102,98
42783,102,98
42784,102,98
42785,102,98
42786,102,98
42787,102,98
42788,102,98
42789,102,98
42790,102,98
42791,102,98
42792,102,98
42793,102,98
42794,102,98
42795,102,98
42796,102,98
42797,102,98
42798,102,98
42799,102,98
42800,102,98
42801,102,98
42802,102,98
42803,102,98
42804,102,98
42805,102,98
42806,102,98
42807,102,98
42808,102,98
42809,102,98
42810,102,98
42811,102,98
42812,102,98
42813,102,98
42814,102,98
42815,102,98
42816,102,98
42817,102,98
42818,102,98
42819,102,98
42820,102,98
42821,102,98
42822,102,98
42823,102,98
42824,102,98
42825,102,98
42826,102,98
42827,102,98
42828,102,98
42829,102,98
42830,102,98
42831,102,98
42832,102,98
42833,102,98
42834,102,98
42835,102,98
42836,102,98
42837,102,98
42838,102,98
42839,102,98
42840,102,98
42841,102,98
42842,102,98
42843,102,98
42844,102,98
42845,102,98
42846,102,98
42847,102,98
42848,102,98
42849,102,98
42850,102,98
42851,102,98
42852,102,98
42853,102,98
42854,102,98
42855,102,98
42856,102,98
42857,102,98
42858,102,98
42859,102,98
42860,102,98
42861,102,98
42862,102,98
42863,102,98
42864,102,98
42865,102,98
42866,102,98
42867,102,98
42868,102,98
42869,102,98
42870,102,98
42871,102,98
42872,102,98
42873,102,98
42874,102,98
42875,102,98
42876,102,98
42877,102,98
42878,102,98
42879,102,98
42880,102,98
42881,102,98
42882,102,98
42883,102,98
42884,102,98
42885,102,98
42886,102,98
42887,102,98
42888,102,98
42889,102,98
42890,102,98
42891,102,98
42892,102,98
42893,102,98
42894,102,98
42895,102,98
42896,102,98
42897,102,98
42898,102,98
42899,102,98
42900,102,98
42901,102,98
42902,102,98
42903,102,98
42904,102,98
42905,102,98
42906,102,98
42907,102,98
42908,102,98
42909,102,98
42910,102,98
42911,102,98
42912,102,98
42913,102,98
42914,102,98
42915,102,98
42916,102,98
42917,102,98
42918,102,98
42919,102,98
42920,102,98
42921,102,98
42922,102,98
42923,102,98
42924,102,98
42925,102,98
42926,102,98
42927,102,98
42928,102,98
42929,102,98
42930,102,98
42931,102,98
42932,102,98
42933,102,98
42934,102,98
42935,102,98
42936,102,98
42937,102,98
42938,102,98
42939,102,98
42940,102,98
42941,102,98
42942,102,98
42943,102,98
42944,102,98
42945,102,98
42946,102,98
42947,102,98
42948,102,98
42949,102,98
42950,102,98
42951,102,98
42952,102,98
42953,102,98
42954,102,98
42955,102,98
42956,102,98
42957,102,98
42958,102,98
42959,102,98
42960,102,98
42961,102,98
42962,102,98
42963,102,98
42964,102,98
42965,102,98
42966,102,98
42967,102,98
42968,102,98
42969,102,98
42970,102,98
42971,102,98
42972,102,98
42973,102,98
42974,102,98
42975,102,98
42976,102,98
42977,102,98
42978,102,98
42979,102,98
42980,102,98
42981,102,98
42982,102,98
42983,102,98
42984,102,98
42985,102,98
42986,102,98
42987,102,98
42988,102,98
42989,102,98
42990,102,98
42991,102,98
42992,102,98
42993,102,98
42994,102,98
42995,102,98
42996,102,98
42997,102,98
42998,102,98
42999,102,98
43000,102,98
43001,102,98
43002,102,98
43003,102,98
43004,102,98
43005,102,98
43006,102,98
43007,102,98
43008,102,98
43009,102,98
43010,102,98
43011,102,98
43012,102,98
43013,102,98
43014,102,98
43015,102,98
43016,102,98
43017,102,98
43018,102,98
43019,102,98
43020,102,98
43021,102,98
43022,102,98
43023,102,98
43024,102,98
43025,102,98
43026,102,98
43027,102,98
43028,102,98
43029,102,98
43030,102,98
43031,102,98
43032,102,98
43033,102,98
43034,102,98
43035,102,98
43036,102,98
43037,102,98
43038,102,98
43039,102,98
43040,102,98
43041,102,98
43042,102,98
43043,102,98
43044,102,98
43045,102,98
43046,102,98
43047,102,98
43048,102,98
43049,102,98
43050,102,98
43051,102,98
43052,102,98
43053,102,98
43054,102,98
43055,102,98
43056,102,98
43057,102,98
43058,102,98
43059,102,98
43060,102,98
43061,102,98
43062,102,98
43063,102,98
43064,102,98
43065,102,98
43066,102,98
43067,102,98
43068,102,98
43069,102,98
43070,102,98
43071,102,98
43072,102,98
43073,102,98
43074,102,98
43075,102,98
43076,102,98
43077,102,98
43078,102,98
43079,102,98
43080,102,98
43081,102,98
43082,102,98
43083,102,98
43084,102,98
43085,102,98
43086,102,98
43087,102,98
43088,102,98
43089,102,98
43090,102,98
43091,102,98
43092,102,98
43093,102,98
43094,102,98
43095,102,98
43096,102,98
43097,102,98
43098,102,98
43099,102,98
43100,102,98
43101,102,98
43102,102,98
43103,102,98
43104,102,98
43105,102,98
43106,102,98
43107,102,98
43108,102,98
43109,102,98
43110,102,98
43111,102,98
43112,102,98
43113,102,98
43114,102,98
43115,102,98
43116,102,98
43117,102,98
43118,102,98
43119,102,98
43120,102,98
43121,102,98
43122,102,98
43123,102,98
43124,102,98
43125,102,98
43126,102,98
43127,102,98
43128,102,98
43129,102,98
43130,102,98
43131,102,98
43132,102,98
43133,102,98
43134,102,98
43135,102,98
43136,102,98
43137,102,98
43138,102,98
43139,102,98
43140,102,98
43141,102,98
43142,102,98
43143,102,98
43144,102,98
43145,102,98
43146,102,98
43147,102,98
43148,102,98
43149,102,98
43150,102,98
43151,102,98
43152,102,98
43153,102,98
43154,102,98
43155,102,98
43156,102,98
43157,102,98
43158,102,98
43159,102,98
43160,102,98
43161,102,98
43162,102,98
43163,102,98
43164,102,98
43165,102,98
43166,102,98
43167,102,98
43168,102,98
43169,102,98
43170,102,98
43171,102,98
43172,102,98
43173,102,98
43174,102,98
43175,102,98
43176,102,98
43177,102,98
43178,102,98
43179,102,98
43180,102,98
43181,102,98
43182,102,98
43183,102,98
43184,102,98
43185,102,98
43186,102,98
43187,102,98
43188,102,98
43189,102,98
43190,102,98
43191,102,98
43192,102,98
43193,102,98
43194,102,98
43195,102,98
43196,102,98
43197,102,98
43198,102,98
43199,102,98
43200,102,98
43201,102,98
43202,102,98
43203,102,98
43204,102,98
43205,102,98
43206,102,98
43207,102,98
43208,102,98
43209,102,98
43210,102,98
43211,102,98
43212,102,98
43213,102,98
43214,102,98
43215,102,98
43216,102,98
43217,102,98
43218,102,98
43219,102,98
43220,102,98
43221,102,98
43222,102,98
43223,102,98
43224,102,98
43225,102,98
43226,102,98
43227,102,98
43228,102,98
43229,102,98
43230,102,98
43231,102,98
43232,102,98
43233,102,98
43234,102,98
43235,102,98
43236,102,98
43237,102,98
43238,102,98
43239,102,98
43240,102,98
43241,102,98
43242,102,98
43243,102,98
43244,102,98
43245,102,98
43246,102,98
43247,102,98
43248,102,98
43249,102,98
43250,102,98
43251,102,98
43252,102,98
43253,102,98
43254,102,98
43255,102,98
43256,102,98
43257,102,98
43258,102,98
43259,102,98
43260,102,98
43261,102,98
43262,102,98
43263,102,98
43264,102,98
43265,102,98
43266,102,98
43267,102,98
43268,102,98
43269,102,98
43270,102,98
43271,102,98
43272,102,98
43273,102,98
43274,102,98
43275,102,98
43276,102,98
43277,102,98
43278,102,98
43279,102,98
43280,102,98
43281,102,98
43282,102,98
43283,102,98
43284,102,98
43285,102,98
43286,102,98
43287,102,98
43288,102,98
43289,102,98
43290,102,98
43291,102,98
43292,102,98
43293,102,98
43294,102,98
43295,102,98
43296,102,98
43297,102,98
43298,102,98
43299,102,98
43300,102,98
43301,102,98
43302,102,98
43303,102,98
43304,102,98
43305,102,98
43306,102,98
43307,102,98
43308,102,98
43309,102,98
43310,102,98
43311,102,98
43312,102,98
43313,102,98
43314,102,98
43315,102,98
43316,102,98
43317,102,98
43318,102,98
43319,102,98
43320,102,98
43321,102,98
43322,102,98
43323,102,98
43324,102,98
43325,102,98
43326,102,98
43327,102,98
43328,102,98
43329,102,98
43330,102,98
43331,102,98
43332,102,98
43333,102,98
43334,102,98
43335,102,98
43336,102,98
43337,102,98
43338,102,98
43339,102,98
43340,102,98
43341,102,98
43342,102,98
43343,102,98
43344,102,98
43345,102,98
43346,102,98
43347,102,98
43348,102,98
43349,102,98
43350,102,98
43351,102,98
43352,102,98
43353,102,98
43354,102,98
43355,102,98
43356,102,98
43357,102,98
43358,102,98
43359,102,98
43360,102,98
43361,102,98
43362,102,98
43363,102,98
43364,102,98
43365,102,98
43366,102,98
43367,102,98
43368,102,98
43369,102,98
43370,102,98
43371,102,98
43372,102,98
43373,102,98
43374,102,98
43375,102,98
43376,102,98
43377,102,98
43378,102,98
43379,102,98
43380,102,98
43381,102,98
43382,102,98
43383,102,98
43384,102,98
43385,102,98
43386,102,98
43387,102,98
43388,102,98
43389,102,98
43390,102,98
43391,102,98
43392,102,98
43393,102,98
43394,102,98
43395,102,98
43396,102,98
43397,102,98
43398,102,98
43399,102,98
43400,102,98
43401,102,98
43402,102,98
43403,102,98
43404,102,98
43405,102,98
43406,102,98
43407,102,98
43408,102,98
43409,102,98
43410,102,98
43411,102,98
43412,102,98
43413,102,98
43414,102,98
43415,102,98
43416,102,98
43417,102,98
43418,102,98
43419,102,98
43420,102,98
43421,102,98
43422,102,98
43423,102,98
43424,102,98
43425,102,98
43426,102,98
43427,102,98
43428,102,98
43429,102,98
43430,102,98
43431,102,98
43432,102,98
43433,102,98
43434,102,98
43435,102,98
43436,102,98
43437,102,98
43438,102,98
43439,102,98
43440,102,98
43441,102,98
43442,102,98
43443,102,98
43444,102,98
43445,102,98
43446,102,98
43447,102,98
43448,102,98
43449,102,98
43450,102,98
43451,102,98
43452,102,98
43453,102,98
43454,102,98
43455,102,98
43456,102,98
43457,102,98
43458,102,98
43459,102,98
43460,102,98
43461,102,98
43462,102,98
43463,102,98
43464,102,98
43465,102,98
43466,102,98
43467,102,98
43468,102,98
43469,102,98
43470,102,98
43471,102,98
43472,102,98
43473,102,98
43474,102,98
43475,102,98
43476,102,98
43477,102,98
43478,102,98
43479,102,98
43480,102,98
43481,102,98
43482,102,98
43483,102,98
43484,102,98
43485,102,98
43486,102,98
43487,102,98
43488,102,98
43489,102,98
43490,102,98
43491,102,98
43492,102,98
43493,102,98
43494,102,98
43495,102,98
43496,102,98
43497,102,98
43498,102,98
43499,102,98
43500,102,98
43501,102,98
43502,102,98
43503,102,98
43504,102,98
43505,102,98
43506,102,98
43507,102,98
43508,102,98
43509,102,98
43510,102,98
43511,102,98
43512,102,98
43513,102,98
43514,102,98
43515,102,98
43516,102,98
43517,102,98
43518,102,98
43519,102,98
43520,102,98
43521,102,98
43522,102,98
43523,102,98
43524,102,98
43525,102,98
43526,102,98
43527,102,98
43528,102,98
43529,102,98
43530,102,98
43531,102,98
43532,102,98
43533,102,98
43534,102,98
43535,102,98
43536,102,98
43537,102,98
43538,102,98
43539,102,98
43540,102,98
43541,102,98
43542,102,98
43543,102,98
43544,102,98
43545,102,98
43546,102,98
43547,102,98
43548,102,98
43549,102,98
43550,102,98
43551,102,98
43552,102,98
43553,102,98
43554,102,98
43555,102,98
43556,102,98
43557,102,98
43558,102,98
43559,102,98
43560,102,98
43561,102,98
43562,102,98
43563,102,98
43564,102,98
43565,102,98
43566,102,98
43567,102,98
43568,102,98
43569,102,98
43570,102,98
43571,102,98
43572,102,98
43573,102,98
43574,102,98
43575,102,98
43576,102,98
43577,102,98
43578,102,98
43579,102,98
43580,102,98
43581,102,98
43582,102,98
43583,102,98
43584,102,98
43585,102,98
43586,102,98
43587,102,98
43588,102,98
43589,102,98
43590,102,98
43591,102,98
43592,102,98
43593,102,98
43594,102,98
43595,102,98
43596,102,98
43597,102,98
43598,102,98
43599,102,98
43600,101,99
43601,101,99
43602,101,99
43603,101,99
43604,101,99
43605,101,99
43606,101,99
43607,101,99
43608,101,99
43609,101,99
43610,101,99
43611,101,99
43612,101,99
43613,101,99
43614,101,99
43615,101,99
43616,101,99
43617,101,99
43618,101,99
43619,101,99
43620,101,99
43621,101,99
43622,101,99
43623,101,99
43624,101,99
43625,101,99
43626,101,99
43627,101,99
43628,101,99
43629,101,99
43630,101,99
43631,101,99
43632,101,99
43633,101,99
43634,101,99
43635,101,99
43636,101,99
43637,101,99
43638,101,99
43639,101,99
43640,101,99
43641,101,99
43642,101,99
43643,101,99
43644,101,99
43645,101,99
43646,101,99
43647,101,99
43648,101,99
43649,101,99
43650,101,99
43651,101,99
43652,101,99
43653,101,99
43654,101,99
43655,101,99
43656,101,99
43657,101,99
43658,101,99
43659,101,99
43660,101,99
43661,101,99
43662,101,99
43663,101,99
43664,101,99
43665,101,99
43666,101,99
43667,101,99
43668,101,99
43669,101,99
43670,101,99
43671,101,99
43672,101,99
43673,101,99
43674,101,99
43675,101,99
43676,101,99
43677,101,99
43678,101,99
43679,101,99
43680,101,99
43681,101,99
43682,101,99
43683,101,99
43684,101,99
43685,101,99
43686,101,99
43687,101,99
43688,101,99
43689,101,99
43690,101,99
43691,101,99
43692,101,99
43693,101,99
43694,101,99
43695,101,99
43696,101,99
43697,101,99
43698,101,99
43699,101,99
43700,102,98
43701,102,98
43702,102,98
43703,102,98
43704,102,98
43705,102,98
43706,102,98
43707,102,98
43708,102,98
43709,102,98
43710,102,98
43711,102,98
43712,102,98
43713,102,98
43714,102,98
43715,102,98
43716,102,98
43717,102,98
43718,102,98
43719,102,98
43720,102,98
43721,102,98
43722,102,98
43723,102,98
43724,102,98
43725,102,98
43726,102,98
43727,102,98
43728,102,98
43729,102,98
43730,102,98
43731,102,98
43732,102,98
43733,102,98
43734,102,98
43735,102,98
43736,102,98
43737,102,98
43738,102,98
43739,102,98
43740,102,98
43741,102,98
43742,102,98
43743,102,98
43744,102,98
43745,102,98
43746,102,98
43747,102,98
43748,102,98
43749,102,98
43750,102,98
43751,102,98
43752,102,98
43753,102,98
43754,102,98
43755,102,98
43756,102,98
43757,102,98
43758,102,98
43759,102,98
43760,102,98
43761,102,98
43762,102,98
43763,102,98
43764,102,98
43765,102,98
43766,102,98
43767,102,98
43768,102,98
43769,102,98
43770,102,98
43771,102,98
43772,102,98
43773,102,98
43774,102,98
43775,102,98
43776,102,98
43777,102,98
43778,102,98
43779,102,98
43780,102,98
43781,102,98
43782,102,98
43783,102,98
43784,102,98
43785,102,98
43786,102,98
43787,102,98
43788,102,98
43789,102,98
43790,102,98
43791,102,98
43792,102,98
43793,102,98
43794,102,98
43795,102,98
43796,102,98
43797,102,98
43798,102,98
43799,102,98
43800,102,98
43801,102,98
43802,102,98
43803,102,98
43804,102,98
43805,102,98
43806,102,98
43807,102,98
43808,102,98
43809,102,98
43810,102,98
43811,102,98
43812,102,98
43813,102,98
43814,102,98
43815,102,98
43816,102,98
43817,102,98
43818,102,98
43819,102,98
43820,102,98
43821,102,98
43822,102,98
43823,102,98
43824,102,98
43825,102,98
43826,102,98
43827,102,98
43828,102,98
43829,102,98
43830,102,98
43831,102,98
43832,102,98
43833,102,98
43834,102,98
43835,102,98
43836,102,98
43837,102,98
43838,102,98
43839,102,98
43840,102,98
43841,102,98
43842,102,98
43843,102,98
43844,102,98
43845,102,98
43846,102,98
43847,102,98
43848,102,98
43849,102,98
43850,102,98
43851,102,98
43852,102,98
43853,102,98
43854,102,98
43855,102,98
43856,102,98
43857,102,98
43858,102,98
43859,102,98
43860,102,98
43861,102,98
43862,102,98
43863,102,98
43864,102,98
43865,102,98
43866,102,98
43867,102,98
43868,102,98
43869,102,98
43870,102,98
43871,102,98
43872,102,98
43873,102,98
43874,102,98
43875,102,98
43876,102,98
43877,102,98
43878,102,98
43879,102,98
43880,102,98
43881,102,98
43882,102,98
43883,102,98
43884,102,98
43885,102,98
43886,102,98
43887,102,98
43888,102,98
43889,102,98
43890,102,98
43891,102,98
43892,102,98
43893,102,98
43894,102,98
43895,102,98
43896,102,98
43897,102,98
43898,102,98
43899,102,98
43900,102,98
43901,102,98
43902,102,98
43903,102,98
43904,102,98
43905,102,98
43906,102,98
43907,102,98
43908,102,98
43909,102,98
43910,102,98
43911,102,98
43912,102,98
43913,102,98
43914,102,98
43915,102,98
43916,102,98
43917,102,98
43918,102,98
43919,102,98
43920,102,98
43921,102,98
43922,102,98
43923,102,98
43924,102,98
43925,102,98
43926,102,98
43927,102,98
43928,102,98
43929,102,98
43930,102,98
43931,102,98
43932,102,98
43933,102,98
43934,102,98
43935,102,98
43936,102,98
43937,102,98
43938,102,98
43939,102,98
43940,102,98
43941,102,98
43942,102,98
43943,102,98
43944,102,98
43945,102,98
43946,102,98
43947,102,98
43948,102,98
43949,102,98
43950,102,98
43951,102,98
43952,102,98
43953,102,98
43954,102,98
43955,102,98
43956,102,98
43957,102,98
43958,102,98
43959,102,98
43960,102,98
43961,102,98
43962,102,98
43963,102,98
43964,102,98
43965,102,98
43966,102,98
43967,102,98
43968,102,98
43969,102,98
43970,102,98
43971,102,98
43972,102,98
43973,102,98
43974,102,98
43975,102,98
43976,102,98
43977,102,98
43978,102,98
43979,102,98
43980,102,98
43981,102,98
43982,102,98
43983,102,98
43984,102,98
43985,102,98
43986,102,98
43987,102,98
43988,102,98
43989,102,98
43990,102,98
43991,102,98
43992,102,98
43993,102,98
43994,102,98
43995,102,98
43996,102,98
43997,102,98
43998,102,98
43999,102,98
44000,102,98
44001,102,98
44002,102,98
44003,102,98
44004,102,98
44005,102,98
44006,102,98
44007,102,98
44008,102,98
44009,102,98
44010,102,98
44011,102,98
44012,102,98
44013,102,98
44014,102,98
44015,102,98
44016,102,98
44017,102,98
44018,102,98
44019,102,98
44020,102,98
44021,102,98
44022,102,98
44023,102,98
44024,102,98
44025,102,98
44026,102,98
44027,102,98
44028,102,98
44029,102,98
44030,102,98
44031,102,98
44032,102,98
44033,102,98
44034,102,98
44035,102,98
44036,102,98
44037,102,98
44038,102,98
44039,102,98
44040,102,98
44041,102,98
44042,102,98
44043,102,98
44044,102,98
44045,102,98
44046,102,98
44047,102,98
44048,102,98
44049,102,98
44050,102,98
44051,102,98
44052,102,98
44053,102,98
44054,102,98
44055,102,98
44056,102,98
44057,102,98
44058,102,98
44059,102,98
44060,102,98
44061,102,98
44062,102,98
44063,102,98
44064,102,98
44065,102,98
44066,102,98
44067,102,98
44068,102,98
44069,102,98
44070,102,98
44071,102,98
44072,102,98
44073,102,98
44074,102,98
44075,102,98
44076,102,98
44077,102,98
44078,102,98
44079,102,98
44080,102,98
44081,102,98
44082,102,98
44083,102,98
44084,102,98
44085,102,98
44086,102,98
44087,102,98
44088,102,98
44089,102,98
44090,102,98
44091,102,98
44092,102,98
44093,102,98
44094,102,98
44095,102,98
44096,102,98
44097,102,98
44098,102,98
44099,102,98
44100,102,98
44101,102,98
44102,102,98
44103,102,98
44104,102,98
44105,102,98
44106,102,98
44107,102,98
44108,102,98
44109,102,98
44110,102,98
44111,102,98
44112,102,98
44113,102,98
44114,102,98
44115,102,98
44116,102,98
44117,102,98
44118,102,98
44119,102,98
44120,102,98
44121,102,98
44122,102,98
44123,102,98
44124,102,98
44125,102,98
44126,102,98
44127,102,98
44128,102,98
44129,102,98
44130,102,98
44131,102,98
44132,102,98
44133,102,98
44134,102,98
44135,102,98
44136,102,98
44137,102,98
44138,102,98
44139,102,98
44140,102,98
44141,102,98
44142,102,98
44143,102,98
44144,102,98
44145,102,98
44146,102,98
44147,102,98
44148,102,98
44149,102,98
44150,102,98
44151,102,98
44152,102,98
44153,102,98
44154,102,98
44155,102,98
44156,102,98
44157,102,98
44158,102,98
44159,102,98
44160,102,98
44161,102,98
44162,102,98
44163,102,98
44164,102,98
44165,102,98
44166,102,98
44167,102,98
44168,102,98
44169,102,98
44170,102,98
44171,102,98
44172,102,98
44173,102,98
44174,102,98
44175,102,98
44176,102,98
44177,102,98
44178,102,98
44179,102,98
44180,102,98
44181,102,98
44182,102,98
44183,102,98
44184,102,98
44185,102,98
44186,102,98
44187,102,98
44188,102,98
44189,102,98
44190,102,98
44191,102,98
44192,102,98
44193,102,98
44194,102,98
44195,102,98
44196,102,98
44197,102,98
44198,102,98
44199,102,98
44200,102,98
44201,102,98
44202,102,98
44203,102,98
44204,102,98
44205,102,98
44206,102,98
44207,102,98
44208,102,98
44209,102,98
44210,102,98
44211,102,98
44212,102,98
44213,102,98
44214,102,98
44215,102,98
44216,102,98
44217,102,98
44218,102,98
44219,102,98
44220,102,98
44221,102,98
44222,102,98
44223,102,98
44224,102,98
44225,102,98
44226,102,98
44227,102,98
44228,102,98
44229,102,98
44230,102,98
44231,102,98
44232,102,98
44233,102,98
44234,102,98
44235,102,98
44236,102,98
44237,102,98
44238,102,98
44239,102,98
44240,102,98
44241,102,98
44242,102,98
44243,102,98
44244,102,98
44245,102,98
44246,102,98
44247,102,98
44248,102,98
44249,102,98
44250,102,98
44251,102,98
44252,102,98
44253,102,98
44254,102,98
44255,102,98
44256,102,98
44257,102,98
44258,102,98
44259,102,98
44260,102,98
44261,102,98
44262,102,98
44263,102,98
44264,102,98
44265,102,98
44266,102,98
44267,102,98
44268,102,98
44269,102,98
44270,102,98
44271,102,98
44272,102,98
44273,102,98
44274,102,98
44275,102,98
44276,102,98
44277,102,98
44278,102,98
44279,102,98
44280,102,98
44281,102,98
44282,102,98
44283,102,98
44284,102,98
44285,102,98
44286,102,98
44287,102,98
44288,102,98
44289,102,98
44290,102,98
44291,102,98
44292,102,98
44293,102,98
44294,102,98
44295,102,98
44296,102,98
44297,102,98
44298,102,98
44299,102,98
44300,102,98
44301,102,98
44302,102,98
44303,102,98
44304,102,98
44305,102,98
44306,102,98
44307,102,98
44308,102,98
44309,102,98
44310,102,98
44311,102,98
44312,102,98
44313,102,98
44314,102,98
44315,102,98
44316,102,98
44317,102,98
44318,102,98
44319,102,98
44320,102,98
44321,102,98
44322,102,98
44323,102,98
44324,102,98
44325,102,98
44326,102,98
44327,102,98
44328,102,98
44329,102,98
44330,102,98
44331,102,98
44332,102,98
44333,102,98
44334,102,98
44335,102,98
44336,102,98
44337,102,98
44338,102,98
44339,102,98
44340,102,98
44341,102,98
44342,102,98
44343,102,98
44344,102,98
44345,102,98
44346,102,98
44347,102,98
44348,102,98
44349,102,98
44350,102,98
44351,102,98
44352,102,98
44353,102,98
44354,102,98
44355,102,98
44356,102,98
44357,102,98
44358,102,98
44359,102,98
44360,102,98
44361,102,98
44362,102,98
44363,102,98
44364,102,98
44365,102,98
44366,102,98
44367,102,98
44368,102,98
44369,102,98
44370,102,98
44371,102,98
44372,102,98
44373,102,98
44374,102,98
44375,102,98
44376,102,98
44377,102,98
44378,102,98
44379,102,98
44380,102,98
44381,102,98
44382,102,98
44383,102,98
44384,102,98
44385,102,98
44386,102,98
44387,102,98
44388,102,98
44389,102,98
44390,102,98
44391,102,98
44392,102,98
44393,102,98
44394,102,98
44395,102,98
44396,102,98
44397,102,98
44398,102,98
44399,102,98
44400,102,98
44401,102,98
44402,102,98
44403,102,98
44404,102,98
44405,102,98
44406,102,98
44407,102,98
44408,102,98
44409,102,98
44410,102,98
44411,102,98
44412,102,98
44413,102,98
44414,102,98
44415,102,98
44416,102,98
44417,102,98
44418,102,98
44419,102,98
44420,102,98
44421,102,98
44422,102,98
44423,102,98
44424,102,98
44425,102,98
44426,102,98
44427,102,98
44428,102,98
44429,102,98
44430,102,98
44431,102,98
44432,102,98
44433,102,98
44434,102,98
44435,102,98
44436,102,98
44437,102,98
44438,102,98
44439,102,98
44440,102,98
44441,102,98
44442,102,98
44443,102,98
44444,102,98
44445,102,98
44446,102,98
44447,102,98
44448,102,98
44449,102,98
44450,102,98
44451,102,98
44452,102,98
44453,102,98
44454,102,98
44455,102,98
44456,102,98
44457,102,98
44458,102,98
44459,102,98
44460,102,98
44461,102,98
44462,102,98
44463,102,98
44464,102,98
44465,102,98
44466,102,98
44467,102,98
44468,102,98
44469,102,98
44470,102,98
44471,102,98
44472,102,98
44473,102,98
44474,102,98
44475,102,98
44476,102,98
44477,102,98
44478,102,98
44479,102,98
44480,102,98
44481,102,98
44482,102,98
44483,102,98
44484,102,98
44485,102,98
44486,102,98
44487,102,98
44488,102,98
44489,102,98
44490,102,98
44491,102,98
44492,102,98
44493,102,98
44494,102,98
44495,102,98
44496,102,98
44497,102,98
44498,102,98
44499,102,98
44500,102,98
44501,102,98
44502,102,98
44503,102,98
44504,102,98
44505,102,98
44506,102,98
44507,102,98
44508,102,98
44509,102,98
44510,102,98
44511,102,98
44512,102,98
44513,102,98
44514,102,98
44515,102,98
44516,102,98
44517,102,98
44518,102,98
44519,102,98
44520,102,98
44521,102,98
44522,102,98
44523,102,98
44524,102,98
44525,102,98
44526,102,98
44527,102,98
44528,102,98
44529,102,98
44530,102,98
44531,102,98
44532,102,98
44533,102,98
44534,102,98
44535,102,98
44536,102,98
44537,102,98
44538,102,98
44539,102,98
44540,102,98
44541,102,98
44542,102,98
44543,102,98
44544,102,98
44545,102,98
44546,102,98
44547,102,98
44548,102,98
44549,102,98
44550,102,98
44551,102,98
44552,102,98
44553,102,98
44554,102,98
44555,102,98
44556,102,98
44557,102,98
44558,102,98
44559,102,98
44560,102,98
44561,102,98
44562,102,98
44563,102,98
44564,102,98
44565,102,98
44566,102,98
44567,102,98
44568,102,98
44569,102,98
44570,102,98
44571,102,98
44572,102,98
44573,102,98
44574,102,98
44575,102,98
44576,102,98
44577,102,98
44578,102,98
44579,102,98
44580,102,98
44581,102,98
44582,102,98
44583,102,98
44584,102,98
44585,102,98
44586,102,98
44587,102,98
44588,102,98
44589,102,98
44590,102,98
44591,102,98
44592,102,98
44593,102,98
44594,102,98
44595,102,98
44596,102,98
44597,102,98
44598,102,98
44599,102,98
44600,102,98
44601,102,98
44602,102,98
44603,102,98
44604,102,98
44605,102,98
44606,102,98
44607,102,98
44608,102,98
44609,102,98
44610,102,98
44611,102,98
44612,102,98
44613,102,98
44614,102,98
44615,102,98
44616,102,98
44617,102,98
44618,102,98
44619,102,98
44620,102,98
44621,102,98
44622,102,98
44623,102,98
44624,102,98
44625,102,98
44626,102,98
44627,102,98
44628,102,98
44629,102,98
44630,102,98
44631,102,98
44632,102,98
44633,102,98
44634,102,98
44635,102,98
44636,102,98
44637,102,98
44638,102,98
44639,102,98
44640,102,98
44641,102,98
44642,102,98
44643,102,98
44644,102,98
44645,102,98
44646,102,98
44647,102,98
44648,102,98
44649,102,98
44650,102,98
44651,102,98
44652,102,98
44653,102,98
44654,102,98
44655,102,98
44656,102,98
44657,102,98
44658,102,98
44659,102,98
44660,102,98
44661,102,98
44662,102,98
44663,102,98
44664,102,98
44665,102,98
44666,102,98
44667,102,98
44668,102,98
44669,102,98
44670,102,98
44671,102,98
44672,102,98
44673,102,98
44674,102,98
44675,102,98
44676,102,98
44677,102,98
44678,102,98
44679,102,98
44680,102,98
44681,102,98
44682,102,98
44683,102,98
44684,102,98
44685,102,98
44686,102,98
44687,102,98
44688,102,98
44689,102,98
44690,102,98
44691,102,98
44692,102,98
44693,102,98
44694,102,98
44695,102,98
44696,102,98
44697,102,98
44698,102,98
44699,102,98
44700,102,98
44701,102,98
44702,102,98
44703,102,98
44704,102,98
44705,102,98
44706,102,98
44707,102,98
44708,102,98
44709,102,98
44710,102,98
44711,102,98
44712,102,98
44713,102,98
44714,102,98
44715,102,98
44716,102,98
44717,102,98
44718,102,98
44719,102,98
44720,102,98
44721,102,98
44722,102,98
44723,102,98
44724,102,98
44725,102,98
44726,102,98
44727,102,98
44728,102,98
44729,102,98
44730,102,98
44731,102,98
44732,102,98
44733,102,98
44734,102,98
44735,102,98
44736,102,98
44737,102,98
44738,102,98
44739,102,98
44740,102,98
44741,102,98
44742,102,98
44743,102,98
44744,102,98
44745,102,98
44746,102,98
44747,102,98
44748,102,98
44749,102,98
44750,102,98
44751,102,98
44752,102,98
44753,102,98
44754,102,98
44755,102,98
44756,102,98
44757,102,98
44758,102,98
44759,102,98
44760,102,98
44761,102,98
44762,102,98
44763,102,98
44764,102,98
44765,102,98
44766,102,98
44767,102,98
44768,102,98
44769,102,98
44770,102,98
44771,102,98
44772,102,98
44773,102,98
44774,102,98
44775,102,98
44776,102,98
44777,102,98
44778,102,98
44779,102,98
44780,102,98
44781,102,98
44782,102,98
44783,102,98
44784,102,98
44785,102,98
44786,102,98
44787,102,98
44788,102,98
44789,102,98
44790,102,98
44791,102,98
44792,102,98
44793,102,98
44794,102,98
44795,102,98
44796,102,98
44797,102,98
44798,102,98
44799,102,98
44800,102,98
44801,102,98
44802,102,98
44803,102,98
44804,102,98
44805,102,98
44806,102,98
44807,102,98
44808,102,98
44809,102,98
44810,102,98
44811,102,98
44812,102,98
44813,102,98
44814,102,98
44815,102,98
44816,102,98
44817,102,98
44818,102,98
44819,102,98
44820,102,98
44821,102,98
44822,102,98
44823,102,98
44824,102,98
44825,102,98
44826,102,98
44827,102,98
44828,102,98
44829,102,98
44830,102,98
44831,102,98
44832,102,98
44833,102,98
44834,102,98
44835,102,98
44836,102,98
44837,102,98
44838,102,98
44839,102,98
44840,102,98
44841,102,98
44842,102,98
44843,102,98
44844,102,98
44845,102,98
44846,102,98
44847,102,98
44848,102,98
44849,102,98
44850,102,98
44851,102,98
44852,102,98
44853,102,98
44854,102,98
44855,102,98
44856,102,98
44857,102,98
44858,102,98
44859,102,98
44860,102,98
44861,102,98
44862,102,98
44863,102,98
44864,102,98
44865,102,98
44866,102,98
44867,102,98
44868,102,98
44869,102,98
44870,102,98
44871,102,98
44872,102,98
44873,102,98
44874,102,98
44875,102,98
44876,102,98
44877,102,98
44878,102,98
44879,102,98
44880,102,98
44881,102,98
44882,102,98
44883,102,98
44884,102,98
44885,102,98
44886,102,98
44887,102,98
44888,102,98
44889,102,98
44890,102,98
44891,102,98
44892,102,98
44893,102,98
44894,102,98
44895,102,98
44896,102,98
44897,102,98
44898,102,98
44899,102,98
44900,102,98
44901,102,98
44902,102,98
44903,102,98
44904,102,98
44905,102,98
44906,102,98
44907,102,98
44908,102,98
44909,102,98
44910,102,98
44911,102,98
44912,102,98
44913,102,98
44914,102,98
44915,102,98
44916,102,98
44917,102,98
44918,102,98
44919,102,98
44920,102,98
44921,102,98
44922,102,98
44923,102,98
44924,102,98
44925,102,98
44926,102,98
44927,102,98
44928,102,98
44929,102,98
44930,102,98
44931,102,98
44932,102,98
44933,102,98
44934,102,98
44935,102,98
44936,102,98
44937,102,98
44938,102,98
44939,102,98
44940,102,98
44941,102,98
44942,102,98
44943,102,98
44944,102,98
44945,102,98
44946,102,98
44947,102,98
44948,102,98
44949,102,98
44950,102,98
44951,102,98
44952,102,98
44953,102,98
44954,102,98
44955,102,98
44956,102,98
44957,102,98
44958,102,98
44959,102,98
44960,102,98
44961,102,98
44962,102,98
44963,102,98
44964,102,98
44965,102,98
44966,102,98
44967,102,98
44968,102,98
44969,102,98
44970,102,98
44971,102,98
44972,102,98
44973,102,98
44974,102,98
44975,102,98
44976,102,98
44977,102,98
44978,102,98
44979,102,98
44980,102,98
44981,102,98
44982,102,98
44983,102,98
44984,102,98
44985,102,98
44986,102,98
44987,102,98
44988,102,98
44989,102,98
44990,102,98
44991,102,98
44992,102,98
44993,102,98
44994,102,98
44995,102,98
44996,102,98
44997,102,98
44998,102,98
44999,102,98
45000,102,98
45001,102,98
45002,102,98
45003,102,98
45004,102,98
45005,102,98
45006,102,98
45007,102,98
45008,102,98
45009,102,98
45010,102,98
45011,102,98
45012,102,98
45013,102,98
45014,102,98
45015,102,98
45016,102,98
45017,102,98
45018,102,98
45019,102,98
45020,102,98
45021,102,98
45022,102,98
45023,102,98
45024,102,98
45025,102,98
45026,102,98
45027,102,98
45028,102,98
45029,102,98
45030,102,98
45031,102,98
45032,102,98
45033,102,98
45034,102,98
45035,102,98
45036,102,98
45037,102,98
45038,102,98
45039,102,98
45040,102,98
45041,102,98
45042,102,98
45043,102,98
45044,102,98
45045,102,98
45046,102,98
45047,102,98
45048,102,98
45049,102,98
45050,102,98
45051,102,98
45052,102,98
45053,102,98
45054,102,98
45055,102,98
45056,102,98
45057,102,98
45058,102,98
45059,102,98
45060,102,98
45061,102,98
45062,102,98
45063,102,98
45064,102,98
45065,102,98
45066,102,98
45067,102,98
45068,102,98
45069,102,98
45070,102,98
45071,102,98
45072,102,98
45073,102,98
45074,102,98
45075,102,98
45076,102,98
45077,102,98
45078,102,98
45079,102,98
45080,102,98
45081,102,98
45082,102,98
45083,102,98
45084,102,98
45085,102,98
45086,102,98
45087,102,98
45088,102,98
45089,102,98
45090,102,98
45091,102,98
45092,102,98
45093,102,98
45094,102,98
45095,102,98
45096,102,98
45097,102,98
45098,102,98
45099,102,98
45100,102,98
45101,102,98
45102,102,98
45103,102,98
45104,102,98
45105,102,98
45106,102,98
45107,102,98
45108,102,98
45109,102,98
45110,102,98
45111,102,98
45112,102,98
45113,102,98
45114,102,98
45115,102,98
45116,102,98
45117,102,98
45118,102,98
45119,102,98
45120,102,98
45121,102,98
45122,102,98
45123,102,98
45124,102,98
45125,102,98
45126,102,98
45127,102,98
45128,102,98
45129,102,98
45130,102,98
45131,102,98
45132,102,98
45133,102,98
45134,102,98
45135,102,98
45136,102,98
45137,102,98
45138,102,98
45139,102,98
45140,102,98
45141,102,98
45142,102,98
45143,102,98
45144,102,98
45145,102,98
45146,102,98
45147,102,98
45148,102,98
45149,102,98
45150,102,98
45151,102,98
45152,102,98
45153,102,98
45154,102,98
45155,102,98
45156,102,98
45157,102,98
45158,102,98
45159,102,98
45160,102,98
45161,102,98
45162,102,98
45163,102,98
45164,102,98
45165,102,98
45166,102,98
45167,102,98
45168,102,98
45169,102,98
45170,102,98
45171,102,98
45172,102,98
45173,102,98
45174,102,98
45175,102,98
45176,102,98
45177,102,98
45178,102,98
45179,102,98
45180,102,98
45181,102,98
45182,102,98
45183,102,98
45184,102,98
45185,102,98
45186,102,98
45187,102,98
45188,102,98
45189,102,98
45190,102,98
45191,102,98
45192,102,98
45193,102,98
45194,102,98
45195,102,98
45196,102,98
45197,102,98
45198,102,98
45199,102,98
45200,102,98
45201,102,98
45202,102,98
45203,102,98
45204,102,98
45205,102,98
45206,102,98
45207,102,98
45208,102,98
45209,102,98
45210,102,98
45211,102,98
45212,102,98
45213,102,98
45214,102,98
45215,102,98
45216,102,98
45217,102,98
45218,102,98
45219,102,98
45220,102,98
45221,102,98
45222,102,98
45223,102,98
45224,102,98
45225,102,98
45226,102,98
45227,102,98
45228,102,98
45229,102,98
45230,102,98
45231,102,98
45232,102,98
45233,102,98
45234,102,98
45235,102,98
45236,102,98
45237,102,98
45238,102,98
45239,102,98
45240,102,98
45241,102,98
45242,102,98
45243,102,98
45244,102,98
45245,102,98
45246,102,98
45247,102,98
45248,102,98
45249,102,98
45250,102,98
45251,102,98
45252,102,98
45253,102,98
45254,102,98
45255,102,98
45256,102,98
45257,102,98
45258,102,98
45259,102,98
45260,102,98
45261,102,98
45262,102,98
45263,102,98
45264,102,98
45265,102,98
45266,102,98
45267,102,98
45268,102,98
45269,102,98
45270,102,98
45271,102,98
45272,102,98
45273,102,98
45274,102,98
45275,102,98
45276,102,98
45277,102,98
45278,102,98
45279,102,98
45280,102,98
45281,102,98
45282,102,98
45283,102,98
45284,102,98
45285,102,98
45286,102,98
45287,102,98
45288,102,98
45289,102,98
45290,102,98
45291,102,98
45292,102,98
45293,102,98
45294,102,98
45295,102,98
45296,102,98
45297,102,98
45298,102,98
45299,102,98
45300,101,99
45301,101,99
45302,101,99
45303,101,99
45304,101,99
45305,101,99
45306,101,99
45307,101,99
45308,101,99
45309,101,99
45310,101,99
45311,101,99
45312,101,99
45313,101,99
45314,101,99
45315,101,99
45316,101,99
45317,101,99
45318,101,99
45319,101,99
45320,101,99
45321,101,99
45322,101,99
45323,101,99
45324,101,99
45325,101,99
45326,101,99
45327,101,99
45328,101,99
45329,101,99
45330,101,99
45331,101,99
45332,101,99
45333,101,99
45334,101,99
45335,101,99
45336,101,99
45337,101,99
45338,101,99
45339,101,99
45340,101,99
45341,101,99
45342,101,99
45343,101,99
45344,101,99
45345,101,99
45346,101,99
45347,101,99
45348,101,99
45349,101,99
45350,101,99
45351,101,99
45352,101,99
45353,101,99
45354,101,99
45355,101,99
45356,101,99
45357,101,99
45358,101,99
45359,101,99
45360,101,99
45361,101,99
45362,101,99
45363,101,99
45364,101,99
45365,101,99
45366,101,99
45367,101,99
45368,101,99
45369,101,99
45370,101,99
45371,101,99
45372,101,99
45373,101,99
45374,101,99
45375,101,99
45376,101,99
45377,101,99
45378,101,99
45379,101,99
45380,101,99
45381,101,99
45382,101,99
45383,101,99
45384,101,99
45385,101,99
45386,101,99
45387,101,99
45388,101,99
45389,101,99
45390,101,99
45391,101,99
45392,101,99
45393,101,99
45394,101,99
45395,101,99
45396,101,99
45397,101,99
45398,101,99
45399,101,99
45400,102,98
45401,102,98
45402,102,98
45403,102,98
45404,102,98
45405,102,98
45406,102,98
45407,102,98
45408,102,98
45409,102,98
45410,102,98
45411,102,98
45412,102,98
45413,102,98
45414,102,98
45415,102,98
45416,102,98
45417,102,98
45418,102,98
45419,102,98
45420,102,98
45421,102,98
45422,102,98
45423,102,98
45424,102,98
45425,102,98
45426,102,98
45427,102,98
45428,102,98
45429,102,98
45430,102,98
45431,102,98
45432,102,98
45433,102,98
45434,102,98
45435,102,98
45436,102,98
45437,102,98
45438,102,98
45439,102,98
45440,102,98
45441,102,98
45442,102,98
45443,102,98
45444,102,98
45445,102,98
45446,102,98
45447,102,98
45448,102,98
45449,102,98
45450,102,98
45451,102,98
45452,102,98
45453,102,98
45454,102,98
45455,102,98
45456,102,98
45457,102,98
45458,102,98
45459,102,98
45460,102,98
45461,102,98
45462,102,98
45463,102,98
45464,102,98
45465,102,98
45466,102,98
45467,102,98
45468,102,98
45469,102,98
45470,102,98
45471,102,98
45472,102,98
45473,102,98
45474,102,98
45475,102,98
45476,102,98
45477,102,98
45478,102,98
45479,102,98
45480,102,98
45481,102,98
45482,102,98
45483,102,98
45484,102,98
45485,102,98
45486,102,98
45487,102,98
45488,102,98
45489,102,98
45490,102,98
45491,102,98
45492,102,98
45493,102,98
45494,102,98
45495,102,98
45496,102,98
45497,102,98
45498,102,98
45499,102,98
45500,102,98
45501,102,98
45502,102,98
45503,102,98
45504,102,98
45505,102,98
45506,102,98
45507,102,98
45508,102,98
45509,102,98
45510,102,98
45511,102,98
45512,102,98
45513,102,98
45514,102,98
45515,102,98
45516,102,98
45517,102,98
45518,102,98
45519,102,98
45520,102,98
45521,102,98
45522,102,98
45523,102,98
45524,102,98
45525,102,98
45526,102,98
45527,102,98
45528,102,98
45529,102,98
45530,102,98
45531,102,98
45532,102,98
45533,102,98
45534,102,98
45535,102,98
45536,102,98
45537,102,98
45538,102,98
45539,102,98
45540,102,98
45541,102,98
45542,102,98
45543,102,98
45544,102,98
45545,102,98
45546,102,98
45547,102,98
45548,102,98
45549,102,98
45550,102,98
45551,102,98
45552,102,98
45553,102,98
45554,102,98
45555,102,98
45556,102,98
45557,102,98
45558,102,98
45559,102,98
45560,102,98
45561,102,98
45562,102,98
45563,102,98
45564,102,98
45565,102,98
45566,102,98
45567,102,98
45568,102,98
45569,102,98
45570,102,98
45571,102,98
45572,102,98
45573,102,98
45574,102,98
45575,102,98
45576,102,98
45577,102,98
45578,102,98
45579,102,98
45580,102,98
45581,102,98
45582,102,98
45583,102,98
45584,102,98
45585,102,98
45586,102,98
45587,102,98
45588,102,98
45589,102,98
45590,102,98
45591,102,98
45592,102,98
45593,102,98
45594,102,98
45595,102,98
45596,102,98
45597,102,98
45598,102,98
45599,102,98
45600,102,98
45601,102,98
45602,102,98
45603,102,98
45604,102,98
45605,102,98
45606,102,98
45607,102,98
45608,102,98
45609,102,98
45610,102,98
45611,102,98
45612,102,98
45613,102,98
45614,102,98
45615,102,98
45616,102,98
45617,102,98
45618,102,98
45619,102,98
45620,102,98
45621,102,98
45622,102,98
45623,102,98
45624,102,98
45625,102,98
45626,102,98
45627,102,98
45628,102,98
45629,102,98
45630,102,98
45631,102,98
45632,102,98
45633,102,98
45634,102,98
45635,102,98
45636,102,98
45637,102,98
45638,102,98
45639,102,98
45640,102,98
45641,102,98
45642,102,98
45643,102,98
45644,102,98
45645,102,98
45646,102,98
45647,102,98
45648,102,98
45649,102,98
45650,102,98
45651,102,98
45652,102,98
45653,102,98
45654,102,98
45655,102,98
45656,102,98
45657,102,98
45658,102,98
45659,102,98
45660,102,98
45661,102,98
45662,102,98
45663,102,98
45664,102,98
45665,102,98
45666,102,98
45667,102,98
45668,102,98
45669,102,98
45670,102,98
45671,102,98
45672,102,98
45673,102,98
45674,102,98
45675,102,98
45676,102,98
45677,102,98
45678,102,98
45679,102,98
45680,102,98
45681,102,98
45682,102,98
45683,102,98
45684,102,98
45685,102,98
45686,102,98
45687,102,98
45688,102,98
45689,102,98
45690,102,98
45691,102,98
45692,102,98
45693,102,98
45694,102,98
45695,102,98
45696,102,98
45697,102,98
45698,102,98
45699,102,98
45700,102,98
45701,102,98
45702,102,98
45703,102,98
45704,102,98
45705,102,98
45706,102,98
45707,102,98
45708,102,98
45709,102,98
45710,102,98
45711,102,98
45712,102,98
45713,102,98
45714,102,98
45715,102,98
45716,102,98
45717,102,98
45718,102,98
45719,102,98
45720,102,98
45721,102,98
45722,102,98
45723,102,98
45724,102,98
45725,102,98
45726,102,98
45727,102,98
45728,102,98
45729,102,98
45730,102,98
45731,102,98
45732,102,98
45733,102,98
45734,102,98
45735,102,98
45736,102,98
45737,102,98
45738,102,98
45739,102,98
45740,102,98
45741,102,98
45742,102,98
45743,102,98
45744,102,98
45745,102,98
45746,102,98
45747,102,98
45748,102,98
45749,102,98
45750,102,98
45751,102,98
45752,102,98
45753,102,98
45754,102,98
45755,102,98
45756,102,98
45757,102,98
45758,102,98
45759,102,98
45760,102,98
45761,102,98
45762,102,98
45763,102,98
45764,102,98
45765,102,98
45766,102,98
45767,102,98
45768,102,98
45769,102,98
45770,102,98
45771,102,98
45772,102,98
45773,102,98
45774,102,98
45775,102,98
45776,102,98
45777,102,98
45778,102,98
45779,102,98
45780,102,98
45781,102,98
45782,102,98
45783,102,98
45784,102,98
45785,102,98
45786,102,98
45787,102,98
45788,102,98
45789,102,98
45790,102,98
45791,102,98
45792,102,98
45793,102,98
45794,102,98
45795,102,98
45796,102,98
45797,102,98
45798,102,98
45799,102,98
45800,102,98
45801,102,98
45802,102,98
45803,102,98
45804,102,98
45805,102,98
45806,102,98
45807,102,98
45808,102,98
45809,102,98
45810,102,98
45811,102,98
45812,102,98
45813,102,98
45814,102,98
45815,102,98
45816,102,98
45817,102,98
45818,102,98
45819,102,98
45820,102,98
45821,102,98
45822,102,98
45823,102,98
45824,102,98
45825,102,98
45826,102,98
45827,102,98
45828,102,98
45829,102,98
45830,102,98
45831,102,98
45832,102,98
45833,102,98
45834,102,98
45835,102,98
45836,102,98
45837,102,98
45838,102,98
45839,102,98
45840,102,98
45841,102,98
45842,102,98
45843,102,98
45844,102,98
45845,102,98
45846,102,98
45847,102,98
45848,102,98
45849,102,98
45850,102,98
45851,102,98
45852,102,98
45853,102,98
45854,102,98
45855,102,98
45856,102,98
45857,102,98
45858,102,98
45859,102,98
45860,102,98
45861,102,98
45862,102,98
45863,102,98
45864,102,98
45865,102,98
45866,102,98
45867,102,98
45868,102,98
45869,102,98
45870,102,98
45871,102,98
45872,102,98
45873,102,98
45874,102,98
45875,102,98
45876,102,98
45877,102,98
45878,102,98
45879,102,98
45880,102,98
45881,102,98
45882,102,98
45883,102,98
45884,102,98
45885,102,98
45886,102,98
45887,102,98
45888,102,98
45889,102,98
45890,102,98
45891,102,98
45892,102,98
45893,102,98
45894,102,98
45895,102,98
45896,102,98
45897,102,98
45898,102,98
45899,102,98
45900,102,98
45901,102,98
45902,102,98
45903,102,98
45904,102,98
45905,102,98
45906,102,98
45907,102,98
45908,102,98
45909,102,98
45910,102,98
45911,102,98
45912,102,98
45913,102,98
45914,102,98
45915,102,98
45916,102,98
45917,102,98
45918,102,98
45919,102,98
45920,102,98
45921,102,98
45922,102,98
45923,102,98
45924,102,98
45925,102,98
45926,102,98
45927,102,98
45928,102,98
45929,102,98
45930,102,98
45931,102,98
45932,102,98
45933,102,98
45934,102,98
45935,102,98
45936,102,98
45937,102,98
45938,102,98
45939,102,98
45940,102,98
45941,102,98
45942,102,98
45943,102,98
45944,102,98
45945,102,98
45946,102,98
45947,102,98
45948,102,98
45949,102,98
45950,102,98
45951,102,98
45952,102,98
45953,102,98
45954,102,98
45955,102,98
45956,102,98
45957,102,98
45958,102,98
45959,102,98
45960,102,98
45961,102,98
45962,102,98
45963,102,98
45964,102,98
45965,102,98
45966,102,98
45967,102,98
45968,102,98
45969,102,98
45970,102,98
45971,102,98
45972,102,98
45973,102,98
45974,102,98
45975,102,98
45976,102,98
45977,102,98
45978,102,98
45979,102,98
45980,102,98
45981,102,98
45982,102,98
45983,102,98
45984,102,98
45985,102,98
45986,102,98
45987,102,98
45988,102,98
45989,102,98
45990,102,98
45991,102,98
45992,102,98
45993,102,98
45994,102,98
45995,102,98
45996,102,98
45997,102,98
45998,102,98
45999,102,98
46000,102,98
46001,102,98
46002,102,98
46003,102,98
46004,102,98
46005,102,98
46006,102,98
46007,102,98
46008,102,98
46009,102,98
46010,102,98
46011,102,98
46012,102,98
46013,102,98
46014,102,98
46015,102,98
46016,102,98
46017,102,98
46018,102,98
46019,102,98
46020,102,98
46021,102,98
46022,102,98
46023,102,98
46024,102,98
46025,102,98
46026,102,98
46027,102,98
46028,102,98
46029,102,98
46030,102,98
46031,102,98
46032,102,98
46033,102,98
46034,102,98
46035,102,98
46036,102,98
46037,102,98
46038,102,98
46039,102,98
46040,102,98
46041,102,98
46042,102,98
46043,102,98
46044,102,98
46045,102,98
46046,102,98
46047,102,98
46048,102,98
46049,102,98
46050,102,98
46051,102,98
46052,102,98
46053,102,98
46054,102,98
46055,102,98
46056,102,98
46057,102,98
46058,102,98
46059,102,98
46060,102,98
46061,102,98
46062,102,98
46063,102,98
46064,102,98
46065,102,98
46066,102,98
46067,102,98
46068,102,98
46069,102,98
46070,102,98
46071,102,98
46072,102,98
46073,102,98
46074,102,98
46075,102,98
46076,102,98
46077,102,98
46078,102,98
46079,102,98
46080,102,98
46081,102,98
46082,102,98
46083,102,98
46084,102,98
46085,102,98
46086,102,98
46087,102,98
46088,102,98
46089,102,98
46090,102,98
46091,102,98
46092,102,98
46093,102,98
46094,102,98
46095,102,98
46096,102,98
46097,102,98
46098,102,98
46099,102,98
46100,102,98
46101,102,98
46102,102,98
46103,102,98
46104,102,98
46105,102,98
46106,102,98
46107,102,98
46108,102,98
46109,102,98
46110,102,98
46111,102,98
46112,102,98
46113,102,98
46114,102,98
46115,102,98
46116,102,98
46117,102,98
46118,102,98
46119,102,98
46120,102,98
46121,102,98
46122,102,98
46123,102,98
46124,102,98
46125,102,98
46126,102,98
46127,102,98
46128,102,98
46129,102,98
46130,102,98
46131,102,98
46132,102,98
46133,102,98
46134,102,98
46135,102,98
46136,102,98
46137,102,98
46138,102,98
46139,102,98
46140,102,98
46141,102,98
46142,102,98
46143,102,98
46144,102,98
46145,102,98
46146,102,98
46147,102,98
46148,102,98
46149,102,98
46150,102,98
46151,102,98
46152,102,98
46153,102,98
46154,102,98
46155,102,98
46156,102,98
46157,102,98
46158,102,98
46159,102,98
46160,102,98
46161,102,98
46162,102,98
46163,102,98
46164,102,98
46165,102,98
46166,102,98
46167,102,98
46168,102,98
46169,102,98
46170,102,98
46171,102,98
46172,102,98
46173,102,98
46174,102,98
46175,102,98
46176,102,98
46177,102,98
46178,102,98
46179,102,98
46180,102,98
46181,102,98
46182,102,98
46183,102,98
46184,102,98
46185,102,98
46186,102,98
46187,102,98
46188,102,98
46189,102,98
46190,102,98
46191,102,98
46192,102,98
46193,102,98
46194,102,98
46195,102,98
46196,102,98
46197,102,98
46198,102,98
46199,102,98
46200,102,98
46201,102,98
46202,102,98
46203,102,98
46204,102,98
46205,102,98
46206,102,98
46207,102,98
46208,102,98
46209,102,98
46210,102,98
46211,102,98
46212,102,98
46213,102,98
46214,102,98
46215,102,98
46216,102,98
46217,102,98
46218,102,98
46219,102,98
46220,102,98
46221,102,98
46222,102,98
46223,102,98
46224,102,98
46225,102,98
46226,102,98
46227,102,98
46228,102,98
46229,102,98
46230,102,98
46231,102,98
46232,102,98
46233,102,98
46234,102,98
46235,102,98
46236,102,98
46237,102,98
46238,102,98
46239,102,98
46240,102,98
46241,102,98
46242,102,98
46243,102,98
46244,102,98
46245,102,98
46246,102,98
46247,102,98
46248,102,98
46249,102,98
46250,102,98
46251,102,98
46252,102,98
46253,102,98
46254,102,98
46255,102,98
46256,102,98
46257,102,98
46258,102,98
46259,102,98
46260,102,98
46261,102,98
46262,102,98
46263,102,98
46264,102,98
46265,102,98
46266,102,98
46267,102,98
46268,102,98
46269,102,98
46270,102,98
46271,102,98
46272,102,98
46273,102,98
46274,102,98
46275,102,98
46276,102,98
46277,102,98
46278,102,98
46279,102,98
46280,102,98
46281,102,98
46282,102,98
46283,102,98
46284,102,98
46285,102,98
46286,102,98
46287,102,98
46288,102,98
46289,102,98
46290,102,98
46291,102,98
46292,102,98
46293,102,98
46294,102,98
46295,102,98
46296,102,98
46297,102,98
46298,102,98
46299,102,98
46300,102,98
46301,102,98
46302,102,98
46303,102,98
46304,102,98
46305,102,98
46306,102,98
46307,102,98
46308,102,98
46309,102,98
46310,102,98
46311,102,98
46312,102,98
46313,102,98
46314,102,98
46315,102,98
46316,102,98
46317,102,98
46318,102,98
46319,102,98
46320,102,98
46321,102,98
46322,102,98
46323,102,98
46324,102,98
46325,102,98
46326,102,98
46327,102,98
46328,102,98
46329,102,98
46330,102,98
46331,102,98
46332,102,98
46333,102,98
46334,102,98
46335,102,98
46336,102,98
46337,102,98
46338,102,98
46339,102,98
46340,102,98
46341,102,98
46342,102,98
46343,102,98
46344,102,98
46345,102,98
46346,102,98
46347,102,98
46348,102,98
46349,102,98
46350,102,98
46351,102,98
46352,102,98
46353,102,98
46354,102,98
46355,102,98
46356,102,98
46357,102,98
46358,102,98
46359,102,98
46360,102,98
46361,102,98
46362,102,98
46363,102,98
46364,102,98
46365,102,98
46366,102,98
46367,102,98
46368,102,98
46369,102,98
46370,102,98
46371,102,98
46372,102,98
46373,102,98
46374,102,98
46375,102,98
46376,102,98
46377,102,98
46378,102,98
46379,102,98
46380,102,98
46381,102,98
46382,102,98
46383,102,98
46384,102,98
46385,102,98
46386,102,98
46387,102,98
46388,102,98
46389,102,98
46390,102,98
46391,102,98
46392,102,98
46393,102,98
46394,102,98
46395,102,98
46396,102,98
46397,102,98
46398,102,98
46399,102,98
46400,103,97
46401,103,97
46402,103,97
46403,103,97
46404,103,97
46405,103,97
46406,103,97
46407,103,97
46408,103,97
46409,103,97
46410,103,97
46411,103,97
46412,103,97
46413,103,97
46414,103,97
46415,103,97
46416,103,97
46417,103,97
46418,103,97
46419,103,97
46420,103,97
46421,103,97
46422,103,97
46423,103,97
46424,103,97
46425,103,97
46426,103,97
46427,103,97
46428,103,97
46429,103,97
46430,103,97
46431,103,97
46432,103,97
46433,103,97
46434,103,97
46435,103,97
46436,103,97
46437,103,97
46438,103,97
46439,103,97
46440,103,97
46441,103,97
46442,103,97
46443,103,97
46444,103,97
46445,103,97
46446,103,97
46447,103,97
46448,103,97
46449,103,97
46450,103,97
46451,103,97
46452,103,97
46453,103,97
46454,103,97
46455,103,97
46456,103,97
46457,103,97
46458,103,97
46459,103,97
46460,103,97
46461,103,97
46462,103,97
46463,103,97
46464,103,97
46465,103,97
46466,103,97
46467,103,97
46468,103,97
46469,103,97
46470,103,97
46471,103,97
46472,103,97
46473,103,97
46474,103,97
46475,103,97
46476,103,97
46477,103,97
46478,103,97
46479,103,97
46480,103,97
46481,103,97
46482,103,97
46483,103,97
46484,103,97
46485,103,97
46486,103,97
46487,103,97
46488,103,97
46489,103,97
46490,103,97
46491,103,97
46492,103,97
46493,103,97
46494,103,97
46495,103,97
46496,103,97
46497,103,97
46498,103,97
46499,103,97
46500,102,98
46501,102,98
46502,102,98
46503,102,98
46504,102,98
46505,102,98
46506,102,98
46507,102,98
46508,102,98
46509,102,98
46510,102,98
46511,102,98
46512,102,98
46513,102,98
46514,102,98
46515,102,98
46516,102,98
46517,102,98
46518,102,98
46519,102,98
46520,102,98
46521,102,98
46522,102,98
46523,102,98
46524,102,98
46525,102,98
46526,102,98
46527,102,98
46528,102,98
46529,102,98
46530,102,98
46531,102,98
46532,102,98
46533,102,98
46534,102,98
46535,102,98
46536,102,98
46537,102,98
46538,102,98
46539,102,98
46540,102,98
46541,102,98
46542,102,98
46543,102,98
46544,102,98
46545,102,98
46546,102,98
46547,102,98
46548,102,98
46549,102,98
46550,102,98
46551,102,98
46552,102,98
46553,102,98
46554,102,98
46555,102,98
46556,102,98
46557,102,98
46558,102,98
46559,102,98
46560,102,98
46561,102,98
46562,102,98
46563,102,98
46564,102,98
46565,102,98
46566,102,98
46567,102,98
46568,102,98
46569,102,98
46570,102,98
46571,102,98
46572,102,98
46573,102,98
46574,102,98
46575,102,98
46576,102,98
46577,102,98
46578,102,98
46579,102,98
46580,102,98
46581,102,98
46582,102,98
46583,102,98
46584,102,98
46585,102,98
46586,102,98
46587,102,98
46588,102,98
46589,102,98
46590,102,98
46591,102,98
46592,102,98
46593,102,98
46594,102,98
46595,102,98
46596,102,98
46597,102,98
46598,102,98
46599,102,98
46600,102,98
46601,102,98
46602,102,98
46603,102,98
46604,102,98
46605,102,98
46606,102,98
46607,102,98
46608,102,98
46609,102,98
46610,102,98
46611,102,98
46612,102,98
46613,102,98
46614,102,98
46615,102,98
46616,102,98
46617,102,98
46618,102,98
46619,102,98
46620,102,98
46621,102,98
46622,102,98
46623,102,98
46624,102,98
46625,102,98
46626,102,98
46627,102,98
46628,102,98
46629,102,98
46630,102,98
46631,102,98
46632,102,98
46633,102,98
46634,102,98
46635,102,98
46636,102,98
46637,102,98
46638,102,98
46639,102,98
46640,102,98
46641,102,98
46642,102,98
46643,102,98
46644,102,98
46645,102,98
46646,102,98
46647,102,98
46648,102,98
46649,102,98
46650,102,98
46651,102,98
46652,102,98
46653,102,98
46654,102,98
46655,102,98
46656,102,98
46657,102,98
46658,102,98
46659,102,98
46660,102,98
46661,102,98
46662,102,98
46663,102,98
46664,102,98
46665,102,98
46666,102,98
46667,102,98
46668,102,98
46669,102,98
46670,102,98
46671,102,98
46672,102,98
46673,102,98
46674,102,98
46675,102,98
46676,102,98
46677,102,98
46678,102,98
46679,102,98
46680,102,98
46681,102,98
46682,102,98
46683,102,98
46684,102,98
46685,102,98
46686,102,98
46687,102,98
46688,102,98
46689,102,98
46690,102,98
46691,102,98
46692,102,98
46693,102,98
46694,102,98
46695,102,98
46696,102,98
46697,102,98
46698,102,98
46699,102,98
46700,103,97
46701,103,97
46702,103,97
46703,103,97
46704,103,97
46705,103,97
46706,103,97
46707,103,97
46708,103,97
46709,103,97
46710,103,97
46711,103,97
46712,103,97
46713,103,97
46714,103,97
46715,103,97
46716,103,97
46717,103,97
46718,103,97
46719,103,97
46720,103,97
46721,103,97
46722,103,97
46723,103,97
46724,103,97
46725,103,97
46726,103,97
46727,103,97
46728,103,97
46729,103,97
46730,103,97
46731,103,97
46732,103,97
46733,103,97
46734,103,97
46735,103,97
46736,103,97
46737,103,97
46738,103,97
46739,103,97
46740,103,97
46741,103,97
46742,103,97
46743,103,97
46744,103,97
46745,103,97
46746,103,97
46747,103,97
46748,103,97
46749,103,97
46750,103,97
46751,103,97
46752,103,97
46753,103,97
46754,103,97
46755,103,97
46756,103,97
46757,103,97
46758,103,97
46759,103,97
46760,103,97
46761,103,97
46762,103,97
46763,103,97
46764,103,97
46765,103,97
46766,103,97
46767,103,97
46768,103,97
46769,103,97
46770,103,97
46771,103,97
46772,103,97
46773,103,97
46774,103,97
46775,103,97
46776,103,97
46777,103,97
46778,103,97
46779,103,97
46780,103,97
46781,103,97
46782,103,97
46783,103,97
46784,103,97
46785,103,97
46786,103,97
46787,103,97
46788,103,97
46789,103,97
46790,103,97
46791,103,97
46792,103,97
46793,103,97
46794,103,97
46795,103,97
46796,103,97
46797,103,97
46798,103,97
46799,103,97
46800,102,98
46801,102,98
46802,102,98
46803,102,98
46804,102,98
46805,102,98
46806,102,98
46807,102,98
46808,102,98
46809,102,98
46810,102,98
46811,102,98
46812,102,98
46813,102,98
46814,102,98
46815,102,98
46816,102,98
46817,102,98
46818,102,98
46819,102,98
46820,102,98
46821,102,98
46822,102,98
46823,102,98
46824,102,98
46825,102,98
46826,102,98
46827,102,98
46828,102,98
46829,102,98
46830,102,98
46831,102,98
46832,102,98
46833,102,98
46834,102,98
46835,102,98
46836,102,98
46837,102,98
46838,102,98
46839,102,98
46840,102,98
46841,102,98
46842,102,98
46843,102,98
46844,102,98
46845,102,98
46846,102,98
46847,102,98
46848,102,98
46849,102,98
46850,102,98
46851,102,98
46852,102,98
46853,102,98
46854,102,98
46855,102,98
46856,102,98
46857,102,98
46858,102,98
46859,102,98
46860,102,98
46861,102,98
46862,102,98
46863,102,98
46864,102,98
46865,102,98
46866,102,98
46867,102,98
46868,102,98
46869,102,98
46870,102,98
46871,102,98
46872,102,98
46873,102,98
46874,102,98
46875,102,98
46876,102,98
46877,102,98
46878,102,98
46879,102,98
46880,102,98
46881,102,98
46882,102,98
46883,102,98
46884,102,98
46885,102,98
46886,102,98
46887,102,98
46888,102,98
46889,102,98
46890,102,98
46891,102,98
46892,102,98
46893,102,98
46894,102,98
46895,102,98
46896,102,98
46897,102,98
46898,102,98
46899,102,98
46900,102,98
46901,102,98
46902,102,98
46903,102,98
46904,102,98
46905,102,98
46906,102,98
46907,102,98
46908,102,98
46909,102,98
46910,102,98
46911,102,98
46912,102,98
46913,102,98
46914,102,98
46915,102,98
46916,102,98
46917,102,98
46918,102,98
46919,102,98
46920,102,98
46921,102,98
46922,102,98
46923,102,98
46924,102,98
46925,102,98
46926,102,98
46927,102,98
46928,102,98
46929,102,98
46930,102,98
46931,102,98
46932,102,98
46933,102,98
46934,102,98
46935,102,98
46936,102,98
46937,102,98
46938,102,98
46939,102,98
46940,102,98
46941,102,98
46942,102,98
46943,102,98
46944,102,98
46945,102,98
46946,102,98
46947,102,98
46948,102,98
46949,102,98
46950,102,98
46951,102,98
46952,102,98
46953,102,98
46954,102,98
46955,102,98
46956,102,98
46957,102,98
46958,102,98
46959,102,98
46960,102,98
46961,102,98
46962,102,98
46963,102,98
46964,102,98
46965,102,98
46966,102,98
46967,102,98
46968,102,98
46969,102,98
46970,102,98
46971,102,98
46972,102,98
46973,102,98
46974,102,98
46975,102,98
46976,102,98
46977,102,98
46978,102,98
46979,102,98
46980,102,98
46981,102,98
46982,102,98
46983,102,98
46984,102,98
46985,102,98
46986,102,98
46987,102,98
46988,102,98
46989,102,98
46990,102,98
46991,102,98
46992,102,98
46993,102,98
46994,102,98
46995,102,98
46996,102,98
46997,102,98
46998,102,98
46999,102,98
47000,102,98
47001,102,98
47002,102,98
47003,102,98
47004,102,98
47005,102,98
47006,102,98
47007,102,98
47008,102,98
47009,102,98
47010,102,98
47011,102,98
47012,102,98
47013,102,98
47014,102,98
47015,102,98
47016,102,98
47017,102,98
47018,102,98
47019,102,98
47020,102,98
47021,102,98
47022,102,98
47023,102,98
47024,102,98
47025,102,98
47026,102,98
47027,102,98
47028,102,98
47029,102,98
47030,102,98
47031,102,98
47032,102,98
47033,102,98
47034,102,98
47035,102,98
47036,102,98
47037,102,98
47038,102,98
47039,102,98
47040,102,98
47041,102,98
47042,102,98
47043,102,98
47044,102,98
47045,102,98
47046,102,98
47047,102,98
47048,102,98
47049,102,98
47050,102,98
47051,102,98
47052,102,98
47053,102,98
47054,102,98
47055,102,98
47056,102,98
47057,102,98
47058,102,98
47059,102,98
47060,102,98
47061,102,98
47062,102,98
47063,102,98
47064,102,98
47065,102,98
47066,102,98
47067,102,98
47068,102,98
47069,102,98
47070,102,98
47071,102,98
47072,102,98
47073,102,98
47074,102,98
47075,102,98
47076,102,98
47077,102,98
47078,102,98
47079,102,98
47080,102,98
47081,102,98
47082,102,98
47083,102,98
47084,102,98
47085,102,98
47086,102,98
47087,102,98
47088,102,98
47089,102,98
47090,102,98
47091,102,98
47092,102,98
47093,102,98
47094,102,98
47095,102,98
47096,102,98
47097,102,98
47098,102,98
47099,102,98
47100,102,98
47101,102,98
47102,102,98
47103,102,98
47104,102,98
47105,102,98
47106,102,98
47107,102,98
47108,102,98
47109,102,98
47110,102,98
47111,102,98
47112,102,98
47113,102,98
47114,102,98
47115,102,98
47116,102,98
47117,102,98
47118,102,98
47119,102,98
47120,102,98
47121,102,98
47122,102,98
47123,102,98
47124,102,98
47125,102,98
47126,102,98
47127,102,98
47128,102,98
47129,102,98
47130,102,98
47131,102,98
47132,102,98
47133,102,98
47134,102,98
47135,102,98
47136,102,98
47137,102,98
47138,102,98
47139,102,98
47140,102,98
47141,102,98
47142,102,98
47143,102,98
47144,102,98
47145,102,98
47146,102,98
47147,102,98
47148,102,98
47149,102,98
47150,102,98
47151,102,98
47152,102,98
47153,102,98
47154,102,98
47155,102,98
47156,102,98
47157,102,98
47158,102,98
47159,102,98
47160,102,98
47161,102,98
47162,102,98
47163,102,98
47164,102,98
47165,102,98
47166,102,98
47167,102,98
47168,102,98
47169,102,98
47170,102,98
47171,102,98
47172,102,98
47173,102,98
47174,102,98
47175,102,98
47176,102,98
47177,102,98
47178,102,98
47179,102,98
47180,102,98
47181,102,98
47182,102,98
47183,102,98
47184,102,98
47185,102,98
47186,102,98
47187,102,98
47188,102,98
47189,102,98
47190,102,98
47191,102,98
47192,102,98
47193,102,98
47194,102,98
47195,102,98
47196,102,98
47197,102,98
47198,102,98
47199,102,98
47200,102,98
47201,102,98
47202,102,98
47203,102,98
47204,102,98
47205,102,98
47206,102,98
47207,102,98
47208,102,98
47209,102,98
47210,102,98
47211,102,98
47212,102,98
47213,102,98
47214,102,98
47215,102,98
47216,102,98
47217,102,98
47218,102,98
47219,102,98
47220,102,98
47221,102,98
47222,102,98
47223,102,98
47224,102,98
47225,102,98
47226,102,98
47227,102,98
47228,102,98
47229,102,98
47230,102,98
47231,102,98
47232,102,98
47233,102,98
47234,102,98
47235,102,98
47236,102,98
47237,102,98
47238,102,98
47239,102,98
47240,102,98
47241,102,98
47242,102,98
47243,102,98
47244,102,98
47245,102,98
47246,102,98
47247,102,98
47248,102,98
47249,102,98
47250,102,98
47251,102,98
47252,102,98
47253,102,98
47254,102,98
47255,102,98
47256,102,98
47257,102,98
47258,102,98
47259,102,98
47260,102,98
47261,102,98
47262,102,98
47263,102,98
47264,102,98
47265,102,98
47266,102,98
47267,102,98
47268,102,98
47269,102,98
47270,102,98
47271,102,98
47272,102,98
47273,102,98
47274,102,98
47275,102,98
47276,102,98
47277,102,98
47278,102,98
47279,102,98
47280,102,98
47281,102,98
47282,102,98
47283,102,98
47284,102,98
47285,102,98
47286,102,98
47287,102,98
47288,102,98
47289,102,98
47290,102,98
47291,102,98
47292,102,98
47293,102,98
47294,102,98
47295,102,98
47296,102,98
47297,102,98
47298,102,98
47299,102,98
47300,102,98
47301,102,98
47302,102,98
47303,102,98
47304,102,98
47305,102,98
47306,102,98
47307,102,98
47308,102,98
47309,102,98
47310,102,98
47311,102,98
47312,102,98
47313,102,98
47314,102,98
47315,102,98
47316,102,98
47317,102,98
47318,102,98
47319,102,98
47320,102,98
47321,102,98
47322,102,98
47323,102,98
47324,102,98
47325,102,98
47326,102,98
47327,102,98
47328,102,98
47329,102,98
47330,102,98
47331,102,98
47332,102,98
47333,102,98
47334,102,98
47335,102,98
47336,102,98
47337,102,98
47338,102,98
47339,102,98
47340,102,98
47341,102,98
47342,102,98
47343,102,98
47344,102,98
47345,102,98
47346,102,98
47347,102,98
47348,102,98
47349,102,98
47350,102,98
47351,102,98
47352,102,98
47353,102,98
47354,102,98
47355,102,98
47356,102,98
47357,102,98
47358,102,98
47359,102,98
47360,102,98
47361,102,98
47362,102,98
47363,102,98
47364,102,98
47365,102,98
47366,102,98
47367,102,98
47368,102,98
47369,102,98
47370,102,98
47371,102,98
47372,102,98
47373,102,98
47374,102,98
47375,102,98
47376,102,98
47377,102,98
47378,102,98
47379,102,98
47380,102,98
47381,102,98
47382,102,98
47383,102,98
47384,102,98
47385,102,98
47386,102,98
47387,102,98
47388,102,98
47389,102,98
47390,102,98
47391,102,98
47392,102,98
47393,102,98
47394,102,98
47395,102,98
47396,102,98
47397,102,98
47398,102,98
47399,102,98
47400,102,98
47401,102,98
47402,102,98
47403,102,98
47404,102,98
47405,102,98
47406,102,98
47407,102,98
47408,102,98
47409,102,98
47410,102,98
47411,102,98
47412,102,98
47413,102,98
47414,102,98
47415,102,98
47416,102,98
47417,102,98
47418,102,98
47419,102,98
47420,102,98
47421,102,98
47422,102,98
47423,102,98
47424,102,98
47425,102,98
47426,102,98
47427,102,98
47428,102,98
47429,102,98
47430,102,98
47431,102,98
47432,102,98
47433,102,98
47434,102,98
47435,102,98
47436,102,98
47437,102,98
47438,102,98
47439,102,98
47440,102,98
47441,102,98
47442,102,98
47443,102,98
47444,102,98
47445,102,98
47446,102,98
47447,102,98
47448,102,98
47449,102,98
47450,102,98
47451,102,98
47452,102,98
47453,102,98
47454,102,98
47455,102,98
47456,102,98
47457,102,98
47458,102,98
47459,102,98
47460,102,98
47461,102,98
47462,102,98
47463,102,98
47464,102,98
47465,102,98
47466,102,98
47467,102,98
47468,102,98
47469,102,98
47470,102,98
47471,102,98
47472,102,98
47473,102,98
47474,102,98
47475,102,98
47476,102,98
47477,102,98
47478,102,98
47479,102,98
47480,102,98
47481,102,98
47482,102,98
47483,102,98
47484,102,98
47485,102,98
47486,102,98
47487,102,98
47488,102,98
47489,102,98
47490,102,98
47491,102,98
47492,102,98
47493,102,98
47494,102,98
47495,102,98
47496,102,98
47497,102,98
47498,102,98
47499,102,98
47500,102,98
47501,102,98
47502,102,98
47503,102,98
47504,102,98
47505,102,98
47506,102,98
47507,102,98
47508,102,98
47509,102,98
47510,102,98
47511,102,98
47512,102,98
47513,102,98
47514,102,98
47515,102,98
47516,102,98
47517,102,98
47518,102,98
47519,102,98
47520,102,98
47521,102,98
47522,102,98
47523,102,98
47524,102,98
47525,102,98
47526,102,98
47527,102,98
47528,102,98
47529,102,98
47530,102,98
47531,102,98
47532,102,98
47533,102,98
47534,102,98
47535,102,98
47536,102,98
47537,102,98
47538,102,98
47539,102,98
47540,102,98
47541,102,98
47542,102,98
47543,102,98
47544,102,98
47545,102,98
47546,102,98
47547,102,98
47548,102,98
47549,102,98
47550,102,98
47551,102,98
47552,102,98
47553,102,98
47554,102,98
47555,102,98
47556,102,98
47557,102,98
47558,102,98
47559,102,98
47560,102,98
47561,102,98
47562,102,98
47563,102,98
47564,102,98
47565,102,98
47566,102,98
47567,102,98
47568,102,98
47569,102,98
47570,102,98
47571,102,98
47572,102,98
47573,102,98
47574,102,98
47575,102,98
47576,102,98
47577,102,98
47578,102,98
47579,102,98
47580,102,98
47581,102,98
47582,102,98
47583,102,98
47584,102,98
47585,102,98
47586,102,98
47587,102,98
47588,102,98
47589,102,98
47590,102,98
47591,102,98
47592,102,98
47593,102,98
47594,102,98
47595,102,98
47596,102,98
47597,102,98
47598,102,98
47599,102,98
47600,103,97
47601,103,97
47602,103,97
47603,103,97
47604,103,97
47605,103,97
47606,103,97
47607,103,97
47608,103,97
47609,103,97
47610,103,97
47611,103,97
47612,103,97
47613,103,97
47614,103,97
47615,103,97
47616,103,97
47617,103,97
47618,103,97
47619,103,97
47620,103,97
47621,103,97
47622,103,97
47623,103,97
47624,103,97
47625,103,97
47626,103,97
47627,103,97
47628,103,97
47629,103,97
47630,103,97
47631,103,97
47632,103,97
47633,103,97
47634,103,97
47635,103,97
47636,103,97
47637,103,97
47638,103,97
47639,103,97
47640,103,97
47641,103,97
47642,103,97
47643,103,97
47644,103,97
47645,103,97
47646,103,97
47647,103,97
47648,103,97
47649,103,97
47650,103,97
47651,103,97
47652,103,97
47653,103,97
47654,103,97
47655,103,97
47656,103,97
47657,103,97
47658,103,97
47659,103,97
47660,103,97
47661,103,97
47662,103,97
47663,103,97
47664,103,97
47665,103,97
47666,103,97
47667,103,97
47668,103,97
47669,103,97
47670,103,97
47671,103,97
47672,103,97
47673,103,97
47674,103,97
47675,103,97
47676,103,97
47677,103,97
47678,103,97
47679,103,97
47680,103,97
47681,103,97
47682,103,97
47683,103,97
47684,103,97
47685,103,97
47686,103,97
47687,103,97
47688,103,97
47689,103,97
47690,103,97
47691,103,97
47692,103,97
47693,103,97
47694,103,97
47695,103,97
47696,103,97
47697,103,97
47698,103,97
47699,103,97
47700,102,98
47701,102,98
47702,102,98
47703,102,98
47704,102,98
47705,102,98
47706,102,98
47707,102,98
47708,102,98
47709,102,98
47710,102,98
47711,102,98
47712,102,98
47713,102,98
47714,102,98
47715,102,98
47716,102,98
47717,102,98
47718,102,98
47719,102,98
47720,102,98
47721,102,98
47722,102,98
47723,102,98
47724,102,98
47725,102,98
47726,102,98
47727,102,98
47728,102,98
47729,102,98
47730,102,98
47731,102,98
47732,102,98
47733,102,98
47734,102,98
47735,102,98
47736,102,98
47737,102,98
47738,102,98
47739,102,98
47740,102,98
47741,102,98
47742,102,98
47743,102,98
47744,102,98
47745,102,98
47746,102,98
47747,102,98
47748,102,98
47749,102,98
47750,102,98
47751,102,98
47752,102,98
47753,102,98
47754,102,98
47755,102,98
47756,102,98
47757,102,98
47758,102,98
47759,102,98
47760,102,98
47761,102,98
47762,102,98
47763,102,98
47764,102,98
47765,102,98
47766,102,98
47767,102,98
47768,102,98
47769,102,98
47770,102,98
47771,102,98
47772,102,98
47773,102,98
47774,102,98
47775,102,98
47776,102,98
47777,102,98
47778,102,98
47779,102,98
47780,102,98
47781,102,98
47782,102,98
47783,102,98
47784,102,98
47785,102,98
47786,102,98
47787,102,98
47788,102,98
47789,102,98
47790,102,98
47791,102,98
47792,102,98
47793,102,98
47794,102,98
47795,102,98
47796,102,98
47797,102,98
47798,102,98
47799,102,98
47800,102,98
47801,102,98
47802,102,98
47803,102,98
47804,102,98
47805,102,98
47806,102,98
47807,102,98
47808,102,98
47809,102,98
47810,102,98
47811,102,98
47812,102,98
47813,102,98
47814,102,98
47815,102,98
47816,102,98
47817,102,98
47818,102,98
47819,102,98
47820,102,98
47821,102,98
47822,102,98
47823,102,98
47824,102,98
47825,102,98
47826,102,98
47827,102,98
47828,102,98
47829,102,98
47830,102,98
47831,102,98
47832,102,98
47833,102,98
47834,102,98
47835,102,98
47836,102,98
47837,102,98
47838,102,98
47839,102,98
47840,102,98
47841,102,98
47842,102,98
47843,102,98
47844,102,98
47845,102,98
47846,102,98
47847,102,98
47848,102,98
47849,102,98
47850,102,98
47851,102,98
47852,102,98
47853,102,98
47854,102,98
47855,102,98
47856,102,98
47857,102,98
47858,102,98
47859,102,98
47860,102,98
47861,102,98
47862,102,98
47863,102,98
47864,102,98
47865,102,98
47866,102,98
47867,102,98
47868,102,98
47869,102,98
47870,102,98
47871,102,98
47872,102,98
47873,102,98
47874,102,98
47875,102,98
47876,102,98
47877,102,98
47878,102,98
47879,102,98
47880,102,98
47881,102,98
47882,102,98
47883,102,98
47884,102,98
47885,102,98
47886,102,98
47887,102,98
47888,102,98
47889,102,98
47890,102,98
47891,102,98
47892,102,98
47893,102,98
47894,102,98
47895,102,98
47896,102,98
47897,102,98
47898,102,98
47899,102,98
47900,102,98
47901,102,98
47902,102,98
47903,102,98
47904,102,98
47905,102,98
47906,102,98
47907,102,98
47908,102,98
47909,102,98
47910,102,98
47911,102,98
47912,102,98
47913,102,98
47914,102,98
47915,102,98
47916,102,98
47917,102,98
47918,102,98
47919,102,98
47920,102,98
47921,102,98
47922,102,98
47923,102,98
47924,102,98
47925,102,98
47926,102,98
47927,102,98
47928,102,98
47929,102,98
47930,102,98
47931,102,98
47932,102,98
47933,102,98
47934,102,98
47935,102,98
47936,102,98
47937,102,98
47938,102,98
47939,102,98
47940,102,98
47941,102,98
47942,102,98
47943,102,98
47944,102,98
47945,102,98
47946,102,98
47947,102,98
47948,102,98
47949,102,98
47950,102,98
47951,102,98
47952,102,98
47953,102,98
47954,102,98
47955,102,98
47956,102,98
47957,102,98
47958,102,98
47959,102,98
47960,102,98
47961,102,98
47962,102,98
47963,102,98
47964,102,98
47965,102,98
47966,102,98
47967,102,98
47968,102,98
47969,102,98
47970,102,98
47971,102,98
47972,102,98
47973,102,98
47974,102,98
47975,102,98
47976,102,98
47977,102,98
47978,102,98
47979,102,98
47980,102,98
47981,102,98
47982,102,98
47983,102,98
47984,102,98
47985,102,98
47986,102,98
47987,102,98
47988,102,98
47989,102,98
47990,102,98
47991,102,98
47992,102,98
47993,102,98
47994,102,98
47995,102,98
47996,102,98
47997,102,98
47998,102,98
47999,102,98
48000,102,98
48001,102,98
48002,102,98
48003,102,98
48004,102,98
48005,102,98
48006,102,98
48007,102,98
48008,102,98
48009,102,98
48010,102,98
48011,102,98
48012,102,98
48013,102,98
48014,102,98
48015,102,98
48016,102,98
48017,102,98
48018,102,98
48019,102,98
48020,102,98
48021,102,98
48022,102,98
48023,102,98
48024,102,98
48025,102,98
48026,102,98
48027,102,98
48028,102,98
48029,102,98
48030,102,98
48031,102,98
48032,102,98
48033,102,98
48034,102,98
48035,102,98
48036,102,98
48037,102,98
48038,102,98
48039,102,98
48040,102,98
48041,102,98
48042,102,98
48043,102,98
48044,102,98
48045,102,98
48046,102,98
48047,102,98
48048,102,98
48049,102,98
48050,102,98
48051,102,98
48052,102,98
48053,102,98
48054,102,98
48055,102,98
48056,102,98
48057,102,98
48058,102,98
48059,102,98
48060,102,98
48061,102,98
48062,102,98
48063,102,98
48064,102,98
48065,102,98
48066,102,98
48067,102,98
48068,102,98
48069,102,98
48070,102,98
48071,102,98
48072,102,98
48073,102,98
48074,102,98
48075,102,98
48076,102,98
48077,102,98
48078,102,98
48079,102,98
48080,102,98
48081,102,98
48082,102,98
48083,102,98
48084,102,98
48085,102,98
48086,102,98
48087,102,98
48088,102,98
48089,102,98
48090,102,98
48091,102,98
48092,102,98
48093,102,98
48094,102,98
48095,102,98
48096,102,98
48097,102,98
48098,102,98
48099,102,98
48100,102,98
48101,102,98
48102,102,98
48103,102,98
48104,102,98
48105,102,98
48106,102,98
48107,102,98
48108,102,98
48109,102,98
48110,102,98
48111,102,98
48112,102,98
48113,102,98
48114,102,98
48115,102,98
48116,102,98
48117,102,98
48118,102,98
48119,102,98
48120,102,98
48121,102,98
48122,102,98
48123,102,98
48124,102,98
48125,102,98
48126,102,98
48127,102,98
48128,102,98
48129,102,98
48130,102,98
48131,102,98
48132,102,98
48133,102,98
48134,102,98
48135,102,98
48136,102,98
48137,102,98
48138,102,98
48139,102,98
48140,102,98
48141,102,98
48142,102,98
48143,102,98
48144,102,98
48145,102,98
48146,102,98
48147,102,98
48148,102,98
48149,102,98
48150,102,98
48151,102,98
48152,102,98
48153,102,98
48154,102,98
48155,102,98
48156,102,98
48157,102,98
48158,102,98
48159,102,98
48160,102,98
48161,102,98
48162,102,98
48163,102,98
48164,102,98
48165,102,98
48166,102,98
48167,102,98
48168,102,98
48169,102,98
48170,102,98
48171,102,98
48172,102,98
48173,102,98
48174,102,98
48175,102,98
48176,102,98
48177,102,98
48178,102,98
48179,102,98
48180,102,98
48181,102,98
48182,102,98
48183,102,98
48184,102,98
48185,102,98
48186,102,98
48187,102,98
48188,102,98
48189,102,98
48190,102,98
48191,102,98
48192,102,98
48193,102,98
48194,102,98
48195,102,98
48196,102,98
48197,102,98
48198,102,98
48199,102,98
48200,102,98
48201,102,98
48202,102,98
48203,102,98
48204,102,98
48205,102,98
48206,102,98
48207,102,98
48208,102,98
48209,102,98
48210,102,98
48211,102,98
48212,102,98
48213,102,98
48214,102,98
48215,102,98
48216,102,98
48217,102,98
48218,102,98
48219,102,98
48220,102,98
48221,102,98
48222,102,98
48223,102,98
48224,102,98
48225,102,98
48226,102,98
48227,102,98
48228,102,98
48229,102,98
48230,102,98
48231,102,98
48232,102,98
48233,102,98
48234,102,98
48235,102,98
48236,102,98
48237,102,98
48238,102,98
48239,102,98
48240,102,98
48241,102,98
48242,102,98
48243,102,98
48244,102,98
48245,102,98
48246,102,98
48247,102,98
48248,102,98
48249,102,98
48250,102,98
48251,102,98
48252,102,98
48253,102,98
48254,102,98
48255,102,98
48256,102,98
48257,102,98
48258,102,98
48259,102,98
48260,102,98
48261,102,98
48262,102,98
48263,102,98
48264,102,98
48265,102,98
48266,102,98
48267,102,98
48268,102,98
48269,102,98
48270,102,98
48271,102,98
48272,102,98
48273,102,98
48274,102,98
48275,102,98
48276,102,98
48277,102,98
48278,102,98
48279,102,98
48280,102,98
48281,102,98
48282,102,98
48283,102,98
48284,102,98
48285,102,98
48286,102,98
48287,102,98
48288,102,98
48289,102,98
48290,102,98
48291,102,98
48292,102,98
48293,102,98
48294,102,98
48295,102,98
48296,102,98
48297,102,98
48298,102,98
48299,102,98
48300,102,98
48301,102,98
48302,102,98
48303,102,98
48304,102,98
48305,102,98
48306,102,98
48307,102,98
48308,102,98
48309,102,98
48310,102,98
48311,102,98
48312,102,98
48313,102,98
48314,102,98
48315,102,98
48316,102,98
48317,102,98
48318,102,98
48319,102,98
48320,102,98
48321,102,98
48322,102,98
48323,102,98
48324,102,98
48325,102,98
48326,102,98
48327,102,98
48328,102,98
48329,102,98
48330,102,98
48331,102,98
48332,102,98
48333,102,98
48334,102,98
48335,102,98
48336,102,98
48337,102,98
48338,102,98
48339,102,98
48340,102,98
48341,102,98
48342,102,98
48343,102,98
48344,102,98
48345,102,98
48346,102,98
48347,102,98
48348,102,98
48349,102,98
48350,102,98
48351,102,98
48352,102,98
48353,102,98
48354,102,98
48355,102,98
48356,102,98
48357,102,98
48358,102,98
48359,102,98
48360,102,98
48361,102,98
48362,102,98
48363,102,98
48364,102,98
48365,102,98
48366,102,98
48367,102,98
48368,102,98
48369,102,98
48370,102,98
48371,102,98
48372,102,98
48373,102,98
48374,102,98
48375,102,98
48376,102,98
48377,102,98
48378,102,98
48379,102,98
48380,102,98
48381,102,98
48382,102,98
48383,102,98
48384,102,98
48385,102,98
48386,102,98
48387,102,98
48388,102,98
48389,102,98
48390,102,98
48391,102,98
48392,102,98
48393,102,98
48394,102,98
48395,102,98
48396,102,98
48397,102,98
48398,102,98
48399,102,98
48400,102,98
48401,102,98
48402,102,98
48403,102,98
48404,102,98
48405,102,98
48406,102,98
48407,102,98
48408,102,98
48409,102,98
48410,102,98
48411,102,98
48412,102,98
48413,102,98
48414,102,98
48415,102,98
48416,102,98
48417,102,98
48418,102,98
48419,102,98
48420,102,98
48421,102,98
48422,102,98
48423,102,98
48424,102,98
48425,102,98
48426,102,98
48427,102,98
48428,102,98
48429,102,98
48430,102,98
48431,102,98
48432,102,98
48433,102,98
48434,102,98
48435,102,98
48436,102,98
48437,102,98
48438,102,98
48439,102,98
48440,102,98
48441,102,98
48442,102,98
48443,102,98
48444,102,98
48445,102,98
48446,102,98
48447,102,98
48448,102,98
48449,102,98
48450,102,98
48451,102,98
48452,102,98
48453,102,98
48454,102,98
48455,102,98
48456,102,98
48457,102,98
48458,102,98
48459,102,98
48460,102,98
48461,102,98
48462,102,98
48463,102,98
48464,102,98
48465,102,98
48466,102,98
48467,102,98
48468,102,98
48469,102,98
48470,102,98
48471,102,98
48472,102,98
48473,102,98
48474,102,98
48475,102,98
48476,102,98
48477,102,98
48478,102,98
48479,102,98
48480,102,98
48481,102,98
48482,102,98
48483,102,98
48484,102,98
48485,102,98
48486,102,98
48487,102,98
48488,102,98
48489,102,98
48490,102,98
48491,102,98
48492,102,98
48493,102,98
48494,102,98
48495,102,98
48496,102,98
48497,102,98
48498,102,98
48499,102,98
48500,102,98
48501,102,98
48502,102,98
48503,102,98
48504,102,98
48505,102,98
48506,102,98
48507,102,98
48508,102,98
48509,102,98
48510,102,98
48511,102,98
48512,102,98
48513,102,98
48514,102,98
48515,102,98
48516,102,98
48517,102,98
48518,102,98
48519,102,98
48520,102,98
48521,102,98
48522,102,98
48523,102,98
48524,102,98
48525,102,98
48526,102,98
48527,102,98
48528,102,98
48529,102,98
48530,102,98
48531,102,98
48532,102,98
48533,102,98
48534,102,98
48535,102,98
48536,102,98
48537,102,98
48538,102,98
48539,102,98
48540,102,98
48541,102,98
48542,102,98
48543,102,98
48544,102,98
48545,102,98
48546,102,98
48547,102,98
48548,102,98
48549,102,98
48550,102,98
48551,102,98
48552,102,98
48553,102,98
48554,102,98
48555,102,98
48556,102,98
48557,102,98
48558,102,98
48559,102,98
48560,102,98
48561,102,98
48562,102,98
48563,102,98
48564,102,98
48565,102,98
48566,102,98
48567,102,98
48568,102,98
48569,102,98
48570,102,98
48571,102,98
48572,102,98
48573,102,98
48574,102,98
48575,102,98
48576,102,98
48577,102,98
48578,102,98
48579,102,98
48580,102,98
48581,102,98
48582,102,98
48583,102,98
48584,102,98
48585,102,98
48586,102,98
48587,102,98
48588,102,98
48589,102,98
48590,102,98
48591,102,98
48592,102,98
48593,102,98
48594,102,98
48595,102,98
48596,102,98
48597,102,98
48598,102,98
48599,102,98
48600,102,98
48601,102,98
48602,102,98
48603,102,98
48604,102,98
48605,102,98
48606,102,98
48607,102,98
48608,102,98
48609,102,98
48610,102,98
48611,102,98
48612,102,98
48613,102,98
48614,102,98
48615,102,98
48616,102,98
48617,102,98
48618,102,98
48619,102,98
48620,102,98
48621,102,98
48622,102,98
48623,102,98
48624,102,98
48625,102,98
48626,102,98
48627,102,98
48628,102,98
48629,102,98
48630,102,98
48631,102,98
48632,102,98
48633,102,98
48634,102,98
48635,102,98
48636,102,98
48637,102,98
48638,102,98
48639,102,98
48640,102,98
48641,102,98
48642,102,98
48643,102,98
48644,102,98
48645,102,98
48646,102,98
48647,102,98
48648,102,98
48649,102,98
48650,102,98
48651,102,98
48652,102,98
48653,102,98
48654,102,98
48655,102,98
48656,102,98
48657,102,98
48658,102,98
48659,102,98
48660,102,98
48661,102,98
48662,102,98
48663,102,98
48664,102,98
48665,102,98
48666,102,98
48667,102,98
48668,102,98
48669,102,98
48670,102,98
48671,102,98
48672,102,98
48673,102,98
48674,102,98
48675,102,98
48676,102,98
48677,102,98
48678,102,98
48679,102,98
48680,102,98
48681,102,98
48682,102,98
48683,102,98
48684,102,98
48685,102,98
48686,102,98
48687,102,98
48688,102,98
48689,102,98
48690,102,98
48691,102,98
48692,102,98
48693,102,98
48694,102,98
48695,102,98
48696,102,98
48697,102,98
48698,102,98
48699,102,98
48700,102,98
48701,102,98
48702,102,98
48703,102,98
48704,102,98
48705,102,98
48706,102,98
48707,102,98
48708,102,98
48709,102,98
48710,102,98
48711,102,98
48712,102,98
48713,102,98
48714,102,98
48715,102,98
48716,102,98
48717,102,98
48718,102,98
48719,102,98
48720,102,98
48721,102,98
48722,102,98
48723,102,98
48724,102,98
48725,102,98
48726,102,98
48727,102,98
48728,102,98
48729,102,98
48730,102,98
48731,102,98
48732,102,98
48733,102,98
48734,102,98
48735,102,98
48736,102,98
48737,102,98
48738,102,98
48739,102,98
48740,102,98
48741,102,98
48742,102,98
48743,102,98
48744,102,98
48745,102,98
48746,102,98
48747,102,98
48748,102,98
48749,102,98
48750,102,98
48751,102,98
48752,102,98
48753,102,98
48754,102,98
48755,102,98
48756,102,98
48757,102,98
48758,102,98
48759,102,98
48760,102,98
48761,102,98
48762,102,98
48763,102,98
48764,102,98
48765,102,98
48766,102,98
48767,102,98
48768,102,98
48769,102,98
48770,102,98
48771,102,98
48772,102,98
48773,102,98
48774,102,98
48775,102,98
48776,102,98
48777,102,98
48778,102,98
48779,102,98
48780,102,98
48781,102,98
48782,102,98
48783,102,98
48784,102,98
48785,102,98
48786,102,98
48787,102,98
48788,102,98
48789,102,98
48790,102,98
48791,102,98
48792,102,98
48793,102,98
48794,102,98
48795,102,98
48796,102,98
48797,102,98
48798,102,98
48799,102,98
48800,103,97
48801,103,97
48802,103,97
48803,103,97
48804,103,97
48805,103,97
48806,103,97
48807,103,97
48808,103,97
48809,103,97
48810,103,97
48811,103,97
48812,103,97
48813,103,97
48814,103,97
48815,103,97
48816,103,97
48817,103,97
48818,103,97
48819,103,97
48820,103,97
48821,103,97
48822,103,97
48823,103,97
48824,103,97
48825,103,97
48826,103,97
48827,103,97
48828,103,97
48829,103,97
48830,103,97
48831,103,97
48832,103,97
48833,103,97
48834,103,97
48835,103,97
48836,103,97
48837,103,97
48838,103,97
48839,103,97
48840,103,97
48841,103,97
48842,103,97
48843,103,97
48844,103,97
48845,103,97
48846,103,97
48847,103,97
48848,103,97
48849,103,97
48850,103,97
48851,103,97
48852,103,97
48853,103,97
48854,103,97
48855,103,97
48856,103,97
48857,103,97
48858,103,97
48859,103,97
48860,103,97
48861,103,97
48862,103,97
48863,103,97
48864,103,97
48865,103,97
48866,103,97
48867,103,97
48868,103,97
48869,103,97
48870,103,97
48871,103,97
48872,103,97
48873,103,97
48874,103,97
48875,103,97
48876,103,97
48877,103,97
48878,103,97
48879,103,97
48880,103,97
48881,103,97
48882,103,97
48883,103,97
48884,103,97
48885,103,97
48886,103,97
48887,103,97
48888,103,97
48889,103,97
48890,103,97
48891,103,97
48892,103,97
48893,103,97
48894,103,97
48895,103,97
48896,103,97
48897,103,97
48898,103,97
48899,103,97
48900,103,97
48901,103,97
48902,103,97
48903,103,97
48904,103,97
48905,103,97
48906,103,97
48907,103,97
48908,103,97
48909,103,97
48910,103,97
48911,103,97
48912,103,97
48913,103,97
48914,103,97
48915,103,97
48916,103,97
48917,103,97
48918,103,97
48919,103,97
48920,103,97
48921,103,97
48922,103,97
48923,103,97
48924,103,97
48925,103,97
48926,103,97
48927,103,97
48928,103,97
48929,103,97
48930,103,97
48931,103,97
48932,103,97
48933,103,97
48934,103,97
48935,103,97
48936,103,97
48937,103,97
48938,103,97
48939,103,97
48940,103,97
48941,103,97
48942,103,97
48943,103,97
48944,103,97
48945,103,97
48946,103,97
48947,103,97
48948,103,97
48949,103,97
48950,103,97
48951,103,97
48952,103,97
48953,103,97
48954,103,97
48955,103,97
48956,103,97
48957,103,97
48958,103,97
48959,103,97
48960,103,97
48961,103,97
48962,103,97
48963,103,97
48964,103,97
48965,103,97
48966,103,97
48967,103,97
48968,103,97
48969,103,97
48970,103,97
48971,103,97
48972,103,97
48973,103,97
48974,103,97
48975,103,97
48976,103,97
48977,103,97
48978,103,97
48979,103,97
48980,103,97
48981,103,97
48982,103,97
48983,103,97
48984,103,97
48985,103,97
48986,103,97
48987,103,97
48988,103,97
48989,103,97
48990,103,97
48991,103,97
48992,103,97
48993,103,97
48994,103,97
48995,103,97
48996,103,97
48997,103,97
48998,103,97
48999,103,97
49000,102,98
49001,102,98
49002,102,98
49003,102,98
49004,102,98
49005,102,98
49006,102,98
49007,102,98
49008,102,98
49009,102,98
49010,102,98
49011,102,98
49012,102,98
49013,102,98
49014,102,98
49015,102,98
49016,102,98
49017,102,98
49018,102,98
49019,102,98
49020,102,98
49021,102,98
49022,102,98
49023,102,98
49024,102,98
49025,102,98
49026,102,98
49027,102,98
49028,102,98
49029,102,98
49030,102,98
49031,102,98
49032,102,98
49033,102,98
49034,102,98
49035,102,98
49036,102,98
49037,102,98
49038,102,98
49039,102,98
49040,102,98
49041,102,98
49042,102,98
49043,102,98
49044,102,98
49045,102,98
49046,102,98
49047,102,98
49048,102,98
49049,102,98
49050,102,98
49051,102,98
49052,102,98
49053,102,98
49054,102,98
49055,102,98
49056,102,98
49057,102,98
49058,102,98
49059,102,98
49060,102,98
49061,102,98
49062,102,98
49063,102,98
49064,102,98
49065,102,98
49066,102,98
49067,102,98
49068,102,98
49069,102,98
49070,102,98
49071,102,98
49072,102,98
49073,102,98
49074,102,98
49075,102,98
49076,102,98
49077,102,98
49078,102,98
49079,102,98
49080,102,98
49081,102,98
49082,102,98
49083,102,98
49084,102,98
49085,102,98
49086,102,98
49087,102,98
49088,102,98
49089,102,98
49090,102,98
49091,102,98
49092,102,98
49093,102,98
49094,102,98
49095,102,98
49096,102,98
49097,102,98
49098,102,98
49099,102,98
49100,103,97
49101,103,97
49102,103,97
49103,103,97
49104,103,97
49105,103,97
49106,103,97
49107,103,97
49108,103,97
49109,103,97
49110,103,97
49111,103,97
49112,103,97
49113,103,97
49114,103,97
49115,103,97
49116,103,97
49117,103,97
49118,103,97
49119,103,97
49120,103,97
49121,103,97
49122,103,97
49123,103,97
49124,103,97
49125,103,97
49126,103,97
49127,103,97
49128,103,97
49129,103,97
49130,103,97
49131,103,97
49132,103,97
49133,103,97
49134,103,97
49135,103,97
49136,103,97
49137,103,97
49138,103,97
49139,103,97
49140,103,97
49141,103,97
49142,103,97
49143,103,97
49144,103,97
49145,103,97
49146,103,97
49147,103,97
49148,103,97
49149,103,97
49150,103,97
49151,103,97
49152,103,97
49153,103,97
49154,103,97
49155,103,97
49156,103,97
49157,103,97
49158,103,97
49159,103,97
49160,103,97
49161,103,97
49162,103,97
49163,103,97
49164,103,97
49165,103,97
49166,103,97
49167,103,97
49168,103,97
49169,103,97
49170,103,97
49171,103,97
49172,103,97
49173,103,97
49174,103,97
49175,103,97
49176,103,97
49177,103,97
49178,103,97
49179,103,97
49180,103,97
49181,103,97
49182,103,97
49183,103,97
49184,103,97
49185,103,97
49186,103,97
49187,103,97
49188,103,97
49189,103,97
49190,103,97
49191,103,97
49192,103,97
49193,103,97
49194,103,97
49195,103,97
49196,103,97
49197,103,97
49198,103,97
49199,103,97
49200,102,98
49201,102,98
49202,102,98
49203,102,98
49204,102,98
49205,102,98
49206,102,98
49207,102,98
49208,102,98
49209,102,98
49210,102,98
49211,102,98
49212,102,98
49213,102,98
49214,102,98
49215,102,98
49216,102,98
49217,102,98
49218,102,98
49219,102,98
49220,102,98
49221,102,98
49222,102,98
49223,102,98
49224,102,98
49225,102,98
49226,102,98
49227,102,98
49228,102,98
49229,102,98
49230,102,98
49231,102,98
49232,102,98
49233,102,98
49234,102,98
49235,102,98
49236,102,98
49237,102,98
49238,102,98
49239,102,98
49240,102,98
49241,102,98
49242,102,98
49243,102,98
49244,102,98
49245,102,98
49246,102,98
49247,102,98
49248,102,98
49249,102,98
49250,102,98
49251,102,98
49252,102,98
49253,102,98
49254,102,98
49255,102,98
49256,102,98
49257,102,98
49258,102,98
49259,102,98
49260,102,98
49261,102,98
49262,102,98
49263,102,98
49264,102,98
49265,102,98
49266,102,98
49267,102,98
49268,102,98
49269,102,98
49270,102,98
49271,102,98
49272,102,98
49273,102,98
49274,102,98
49275,102,98
49276,102,98
49277,102,98
49278,102,98
49279,102,98
49280,102,98
49281,102,98
49282,102,98
49283,102,98
49284,102,98
49285,102,98
49286,102,98
49287,102,98
49288,102,98
49289,102,98
49290,102,98
49291,102,98
49292,102,98
49293,102,98
49294,102,98
49295,102,98
49296,102,98
49297,102,98
49298,102,98
49299,102,98
49300,102,98
49301,102,98
49302,102,98
49303,102,98
49304,102,98
49305,102,98
49306,102,98
49307,102,98
49308,102,98
49309,102,98
49310,102,98
49311,102,98
49312,102,98
49313,102,98
49314,102,98
49315,102,98
49316,102,98
49317,102,98
49318,102,98
49319,102,98
49320,102,98
49321,102,98
49322,102,98
49323,102,98
49324,102,98
49325,102,98
49326,102,98
49327,102,98
49328,102,98
49329,102,98
49330,102,98
49331,102,98
49332,102,98
49333,102,98
49334,102,98
49335,102,98
49336,102,98
49337,102,98
49338,102,98
49339,102,98
49340,102,98
49341,102,98
49342,102,98
49343,102,98
49344,102,98
49345,102,98
49346,102,98
49347,102,98
49348,102,98
49349,102,98
49350,102,98
49351,102,98
49352,102,98
49353,102,98
49354,102,98
49355,102,98
49356,102,98
49357,102,98
49358,102,98
49359,102,98
49360,102,98
49361,102,98
49362,102,98
49363,102,98
49364,102,98
49365,102,98
49366,102,98
49367,102,98
49368,102,98
49369,102,98
49370,102,98
49371,102,98
49372,102,98
49373,102,98
49374,102,98
49375,102,98
49376,102,98
49377,102,98
49378,102,98
49379,102,98
49380,102,98
49381,102,98
49382,102,98
49383,102,98
49384,102,98
49385,102,98
49386,102,98
49387,102,98
49388,102,98
49389,102,98
49390,102,98
49391,102,98
49392,102,98
49393,102,98
49394,102,98
49395,102,98
49396,102,98
49397,102,98
49398,102,98
49399,102,98
49400,102,98
49401,102,98
49402,102,98
49403,102,98
49404,102,98
49405,102,98
49406,102,98
49407,102,98
49408,102,98
49409,102,98
49410,102,98
49411,102,98
49412,102,98
49413,102,98
49414,102,98
49415,102,98
49416,102,98
49417,102,98
49418,102,98
49419,102,98
49420,102,98
49421,102,98
49422,102,98
49423,102,98
49424,102,98
49425,102,98
49426,102,98
49427,102,98
49428,102,98
49429,102,98
49430,102,98
49431,102,98
49432,102,98
49433,102,98
49434,102,98
49435,102,98
49436,102,98
49437,102,98
49438,102,98
49439,102,98
49440,102,98
49441,102,98
49442,102,98
49443,102,98
49444,102,98
49445,102,98
49446,102,98
49447,102,98
49448,102,98
49449,102,98
49450,102,98
49451,102,98
49452,102,98
49453,102,98
49454,102,98
49455,102,98
49456,102,98
49457,102,98
49458,102,98
49459,102,98
49460,102,98
49461,102,98
49462,102,98
49463,102,98
49464,102,98
49465,102,98
49466,102,98
49467,102,98
49468,102,98
49469,102,98
49470,102,98
49471,102,98
49472,102,98
49473,102,98
49474,102,98
49475,102,98
49476,102,98
49477,102,98
49478,102,98
49479,102,98
49480,102,98
49481,102,98
49482,102,98
49483,102,98
49484,102,98
49485,102,98
49486,102,98
49487,102,98
49488,102,98
49489,102,98
49490,102,98
49491,102,98
49492,102,98
49493,102,98
49494,102,98
49495,102,98
49496,102,98
49497,102,98
49498,102,98
49499,102,98
49500,102,98
49501,102,98
49502,102,98
49503,102,98
49504,102,98
49505,102,98
49506,102,98
49507,102,98
49508,102,98
49509,102,98
49510,102,98
49511,102,98
49512,102,98
49513,102,98
49514,102,98
49515,102,98
49516,102,98
49517,102,98
49518,102,98
49519,102,98
49520,102,98
49521,102,98
49522,102,98
49523,102,98
49524,102,98
49525,102,98
49526,102,98
49527,102,98
49528,102,98
49529,102,98
49530,102,98
49531,102,98
49532,102,98
49533,102,98
49534,102,98
49535,102,98
49536,102,98
49537,102,98
49538,102,98
49539,102,98
49540,102,98
49541,102,98
49542,102,98
49543,102,98
49544,102,98
49545,102,98
49546,102,98
49547,102,98
49548,102,98
49549,102,98
49550,102,98
49551,102,98
49552,102,98
49553,102,98
49554,102,98
49555,102,98
49556,102,98
49557,102,98
49558,102,98
49559,102,98
49560,102,98
49561,102,98
49562,102,98
49563,102,98
49564,102,98
49565,102,98
49566,102,98
49567,102,98
49568,102,98
49569,102,98
49570,102,98
49571,102,98
49572,102,98
49573,102,98
49574,102,98
49575,102,98
49576,102,98
49577,102,98
49578,102,98
49579,102,98
49580,102,98
49581,102,98
49582,102,98
49583,102,98
49584,102,98
49585,102,98
49586,102,98
49587,102,98
49588,102,98
49589,102,98
49590,102,98
49591,102,98
49592,102,98
49593,102,98
49594,102,98
49595,102,98
49596,102,98
49597,102,98
49598,102,98
49599,102,98
49600,102,98
49601,102,98
49602,102,98
49603,102,98
49604,102,98
49605,102,98
49606,102,98
49607,102,98
49608,102,98
49609,102,98
49610,102,98
49611,102,98
49612,102,98
49613,102,98
49614,102,98
49615,102,98
49616,102,98
49617,102,98
49618,102,98
49619,102,98
49620,102,98
49621,102,98
49622,102,98
49623,102,98
49624,102,98
49625,102,98
49626,102,98
49627,102,98
49628,102,98
49629,102,98
49630,102,98
49631,102,98
49632,102,98
49633,102,98
49634,102,98
49635,102,98
49636,102,98
49637,102,98
49638,102,98
49639,102,98
49640,102,98
49641,102,98
49642,102,98
49643,102,98
49644,102,98
49645,102,98
49646,102,98
49647,102,98
49648,102,98
49649,102,98
49650,102,98
49651,102,98
49652,102,98
49653,102,98
49654,102,98
49655,102,98
49656,102,98
49657,102,98
49658,102,98
49659,102,98
49660,102,98
49661,102,98
49662,102,98
49663,102,98
49664,102,98
49665,102,98
49666,102,98
49667,102,98
49668,102,98
49669,102,98
49670,102,98
49671,102,98
49672,102,98
49673,102,98
49674,102,98
49675,102,98
49676,102,98
49677,102,98
49678,102,98
49679,102,98
49680,102,98
49681,102,98
49682,102,98
49683,102,98
49684,102,98
49685,102,98
49686,102,98
49687,102,98
49688,102,98
49689,102,98
49690,102,98
49691,102,98
49692,102,98
49693,102,98
49694,102,98
49695,102,98
49696,102,98
49697,102,98
49698,102,98
49699,102,98
49700,102,98
49701,102,98
49702,102,98
49703,102,98
49704,102,98
49705,102,98
49706,102,98
49707,102,98
49708,102,98
49709,102,98
49710,102,98
49711,102,98
49712,102,98
49713,102,98
49714,102,98
49715,102,98
49716,102,98
49717,102,98
49718,102,98
49719,102,98
49720,102,98
49721,102,98
49722,102,98
49723,102,98
49724,102,98
49725,102,98
49726,102,98
49727,102,98
49728,102,98
49729,102,98
49730,102,98
49731,102,98
49732,102,98
49733,102,98
49734,102,98
49735,102,98
49736,102,98
49737,102,98
49738,102,98
49739,102,98
49740,102,98
49741,102,98
49742,102,98
49743,102,98
49744,102,98
49745,102,98
49746,102,98
49747,102,98
49748,102,98
49749,102,98
49750,102,98
49751,102,98
49752,102,98
49753,102,98
49754,102,98
49755,102,98
49756,102,98
49757,102,98
49758,102,98
49759,102,98
49760,102,98
49761,102,98
49762,102,98
49763,102,98
49764,102,98
49765,102,98
49766,102,98
49767,102,98
49768,102,98
49769,102,98
49770,102,98
49771,102,98
49772,102,98
49773,102,98
49774,102,98
49775,102,98
49776,102,98
49777,102,98
49778,102,98
49779,102,98
49780,102,98
49781,102,98
49782,102,98
49783,102,98
49784,102,98
49785,102,98
49786,102,98
49787,102,98
49788,102,98
49789,102,98
49790,102,98
49791,102,98
49792,102,98
49793,102,98
49794,102,98
49795,102,98
49796,102,98
49797,102,98
49798,102,98
49799,102,98
49800,101,99
49801,101,99
49802,101,99
49803,101,99
49804,101,99
49805,101,99
49806,101,99
49807,101,99
49808,101,99
49809,101,99
49810,101,99
49811,101,99
49812,101,99
49813,101,99
49814,101,99
49815,101,99
49816,101,99
49817,101,99
49818,101,99
49819,101,99
49820,101,99
49821,101,99
49822,101,99
49823,101,99
49824,101,99
49825,101,99
49826,101,99
49827,101,99
49828,101,99
49829,101,99
49830,101,99
49831,101,99
49832,101,99
49833,101,99
49834,101,99
49835,101,99
49836,101,99
49837,101,99
49838,101,99
49839,101,99
49840,101,99
49841,101,99
49842,101,99
49843,101,99
49844,101,99
49845,101,99
49846,101,99
49847,101,99
49848,101,99
49849,101,99
49850,101,99
49851,101,99
49852,101,99
49853,101,99
49854,101,99
49855,101,99
49856,101,99
49857,101,99
49858,101,99
49859,101,99
49860,101,99
49861,101,99
49862,101,99
49863,101,99
49864,101,99
49865,101,99
49866,101,99
49867,101,99
49868,101,99
49869,101,99
49870,101,99
49871,101,99
49872,101,99
49873,101,99
49874,101,99
49875,101,99
49876,101,99
49877,101,99
49878,101,99
49879,101,99
49880,101,99
49881,101,99
49882,101,99
49883,101,99
49884,101,99
49885,101,99
49886,101,99
49887,101,99
49888,101,99
49889,101,99
49890,101,99
49891,101,99
49892,101,99
49893,101,99
49894,101,99
49895,101,99
49896,101,99
49897,101,99
49898,101,99
49899,101,99
49900,102,98
49901,102,98
49902,102,98
49903,102,98
49904,102,98
49905,102,98
49906,102,98
49907,102,98
49908,102,98
49909,102,98
49910,102,98
49911,102,98
49912,102,98
49913,102,98
49914,102,98
49915,102,98
49916,102,98
49917,102,98
49918,102,98
49919,102,98
49920,102,98
49921,102,98
49922,102,98
49923,102,98
49924,102,98
49925,102,98
49926,102,98
49927,102,98
49928,102,98
49929,102,98
49930,102,98
49931,102,98
49932,102,98
49933,102,98
49934,102,98
49935,102,98
49936,102,98
49937,102,98
49938,102,98
49939,102,98
49940,102,98
49941,102,98
49942,102,98
49943,102,98
49944,102,98
49945,102,98
49946,102,98
49947,102,98
49948,102,98
49949,102,98
49950,102,98
49951,102,98
49952,102,98
49953,102,98
49954,102,98
49955,102,98
49956,102,98
49957,102,98
49958,102,98
49959,102,98
49960,102,98
49961,102,98
49962,102,98
49963,102,98
49964,102,98
49965,102,98
49966,102,98
49967,102,98
49968,102,98
49969,102,98
49970,102,98
49971,102,98
49972,102,98
49973,102,98
49974,102,98
49975,102,98
49976,102,98
49977,102,98
49978,102,98
49979,102,98
49980,102,98
49981,102,98
49982,102,98
49983,102,98
49984,102,98
49985,102,98
49986,102,98
49987,102,98
49988,102,98
49989,102,98
49990,102,98
49991,102,98
49992,102,98
49993,102,98
49994,102,98
49995,102,98
49996,102,98
49997,102,98
49998,102,98
49999,102,98
50000,102,98
